2022/07/27-16:15:42.412318 7f5b4b44cc80 RocksDB version: 6.17.0
2022/07/27-16:15:42.412561 7f5b4b44cc80 Git sha 0
2022/07/27-16:15:42.412699 7f5b4b44cc80 DB SUMMARY
2022/07/27-16:15:42.412701 7f5b4b44cc80 DB Session ID:  7UCSWL8UYQUNOEDEO53P
2022/07/27-16:15:42.412723 7f5b4b44cc80 CURRENT file:  CURRENT
2022/07/27-16:15:42.412724 7f5b4b44cc80 IDENTITY file:  IDENTITY
2022/07/27-16:15:42.412726 7f5b4b44cc80 MANIFEST file:  MANIFEST-000068 size: 13977 Bytes
2022/07/27-16:15:42.412728 7f5b4b44cc80 SST files in /home/giangnkt/code/testGiang/vue-project/.dfx/state/replicated_state/node-100/ic_consensus_pool/consensus dir, Total Num: 12, files: 000111.sst 000113.sst 000115.sst 000117.sst 000119.sst 000121.sst 000123.sst 000125.sst 000127.sst 
2022/07/27-16:15:42.412728 7f5b4b44cc80 Write Ahead Log file in /home/giangnkt/code/testGiang/vue-project/.dfx/state/replicated_state/node-100/ic_consensus_pool/consensus: 000109.log size: 13436599 ; 
2022/07/27-16:15:42.412729 7f5b4b44cc80                         Options.error_if_exists: 0
2022/07/27-16:15:42.412730 7f5b4b44cc80                       Options.create_if_missing: 1
2022/07/27-16:15:42.412731 7f5b4b44cc80                         Options.paranoid_checks: 1
2022/07/27-16:15:42.412731 7f5b4b44cc80                               Options.track_and_verify_wals_in_manifest: 0
2022/07/27-16:15:42.412732 7f5b4b44cc80                                     Options.env: 0x560db83fa940
2022/07/27-16:15:42.412732 7f5b4b44cc80                                      Options.fs: Posix File System
2022/07/27-16:15:42.412733 7f5b4b44cc80                                Options.info_log: 0x560dfb3fc160
2022/07/27-16:15:42.412733 7f5b4b44cc80                Options.max_file_opening_threads: 16
2022/07/27-16:15:42.412734 7f5b4b44cc80                              Options.statistics: (nil)
2022/07/27-16:15:42.412735 7f5b4b44cc80                               Options.use_fsync: 1
2022/07/27-16:15:42.412735 7f5b4b44cc80                       Options.max_log_file_size: 0
2022/07/27-16:15:42.412736 7f5b4b44cc80                  Options.max_manifest_file_size: 1073741824
2022/07/27-16:15:42.412736 7f5b4b44cc80                   Options.log_file_time_to_roll: 0
2022/07/27-16:15:42.412737 7f5b4b44cc80                       Options.keep_log_file_num: 1000
2022/07/27-16:15:42.412737 7f5b4b44cc80                    Options.recycle_log_file_num: 0
2022/07/27-16:15:42.412738 7f5b4b44cc80                         Options.allow_fallocate: 1
2022/07/27-16:15:42.412738 7f5b4b44cc80                        Options.allow_mmap_reads: 0
2022/07/27-16:15:42.412739 7f5b4b44cc80                       Options.allow_mmap_writes: 0
2022/07/27-16:15:42.412739 7f5b4b44cc80                        Options.use_direct_reads: 0
2022/07/27-16:15:42.412740 7f5b4b44cc80                        Options.use_direct_io_for_flush_and_compaction: 0
2022/07/27-16:15:42.412740 7f5b4b44cc80          Options.create_missing_column_families: 1
2022/07/27-16:15:42.412741 7f5b4b44cc80                              Options.db_log_dir: 
2022/07/27-16:15:42.412741 7f5b4b44cc80                                 Options.wal_dir: /home/giangnkt/code/testGiang/vue-project/.dfx/state/replicated_state/node-100/ic_consensus_pool/consensus
2022/07/27-16:15:42.412742 7f5b4b44cc80                Options.table_cache_numshardbits: 6
2022/07/27-16:15:42.412742 7f5b4b44cc80                         Options.WAL_ttl_seconds: 0
2022/07/27-16:15:42.412743 7f5b4b44cc80                       Options.WAL_size_limit_MB: 0
2022/07/27-16:15:42.412743 7f5b4b44cc80                        Options.max_write_batch_group_size_bytes: 1048576
2022/07/27-16:15:42.412744 7f5b4b44cc80             Options.manifest_preallocation_size: 4194304
2022/07/27-16:15:42.412744 7f5b4b44cc80                     Options.is_fd_close_on_exec: 1
2022/07/27-16:15:42.412745 7f5b4b44cc80                   Options.advise_random_on_open: 1
2022/07/27-16:15:42.412745 7f5b4b44cc80                    Options.db_write_buffer_size: 0
2022/07/27-16:15:42.412746 7f5b4b44cc80                    Options.write_buffer_manager: 0x560dfb42a7e0
2022/07/27-16:15:42.412747 7f5b4b44cc80         Options.access_hint_on_compaction_start: 1
2022/07/27-16:15:42.412756 7f5b4b44cc80  Options.new_table_reader_for_compaction_inputs: 0
2022/07/27-16:15:42.412757 7f5b4b44cc80           Options.random_access_max_buffer_size: 1048576
2022/07/27-16:15:42.412757 7f5b4b44cc80                      Options.use_adaptive_mutex: 0
2022/07/27-16:15:42.412758 7f5b4b44cc80                            Options.rate_limiter: (nil)
2022/07/27-16:15:42.412759 7f5b4b44cc80     Options.sst_file_manager.rate_bytes_per_sec: 0
2022/07/27-16:15:42.412759 7f5b4b44cc80                       Options.wal_recovery_mode: 2
2022/07/27-16:15:42.412760 7f5b4b44cc80                  Options.enable_thread_tracking: 0
2022/07/27-16:15:42.412760 7f5b4b44cc80                  Options.enable_pipelined_write: 0
2022/07/27-16:15:42.412761 7f5b4b44cc80                  Options.unordered_write: 0
2022/07/27-16:15:42.412761 7f5b4b44cc80         Options.allow_concurrent_memtable_write: 1
2022/07/27-16:15:42.412762 7f5b4b44cc80      Options.enable_write_thread_adaptive_yield: 1
2022/07/27-16:15:42.412762 7f5b4b44cc80             Options.write_thread_max_yield_usec: 100
2022/07/27-16:15:42.412763 7f5b4b44cc80            Options.write_thread_slow_yield_usec: 3
2022/07/27-16:15:42.412763 7f5b4b44cc80                               Options.row_cache: None
2022/07/27-16:15:42.412764 7f5b4b44cc80                              Options.wal_filter: None
2022/07/27-16:15:42.412764 7f5b4b44cc80             Options.avoid_flush_during_recovery: 0
2022/07/27-16:15:42.412765 7f5b4b44cc80             Options.allow_ingest_behind: 0
2022/07/27-16:15:42.412765 7f5b4b44cc80             Options.preserve_deletes: 0
2022/07/27-16:15:42.412766 7f5b4b44cc80             Options.two_write_queues: 0
2022/07/27-16:15:42.412766 7f5b4b44cc80             Options.manual_wal_flush: 0
2022/07/27-16:15:42.412767 7f5b4b44cc80             Options.atomic_flush: 0
2022/07/27-16:15:42.412767 7f5b4b44cc80             Options.avoid_unnecessary_blocking_io: 0
2022/07/27-16:15:42.412768 7f5b4b44cc80                 Options.persist_stats_to_disk: 0
2022/07/27-16:15:42.412768 7f5b4b44cc80                 Options.write_dbid_to_manifest: 0
2022/07/27-16:15:42.412769 7f5b4b44cc80                 Options.log_readahead_size: 0
2022/07/27-16:15:42.412769 7f5b4b44cc80                 Options.file_checksum_gen_factory: Unknown
2022/07/27-16:15:42.412770 7f5b4b44cc80                 Options.best_efforts_recovery: 0
2022/07/27-16:15:42.412770 7f5b4b44cc80                Options.max_bgerror_resume_count: 2147483647
2022/07/27-16:15:42.412771 7f5b4b44cc80            Options.bgerror_resume_retry_interval: 1000000
2022/07/27-16:15:42.412771 7f5b4b44cc80             Options.allow_data_in_errors: 0
2022/07/27-16:15:42.412772 7f5b4b44cc80             Options.db_host_id: __hostname__
2022/07/27-16:15:42.412772 7f5b4b44cc80             Options.max_background_jobs: 2
2022/07/27-16:15:42.412773 7f5b4b44cc80             Options.max_background_compactions: -1
2022/07/27-16:15:42.412773 7f5b4b44cc80             Options.max_subcompactions: 1
2022/07/27-16:15:42.412774 7f5b4b44cc80             Options.avoid_flush_during_shutdown: 0
2022/07/27-16:15:42.412774 7f5b4b44cc80           Options.writable_file_max_buffer_size: 1048576
2022/07/27-16:15:42.412775 7f5b4b44cc80             Options.delayed_write_rate : 16777216
2022/07/27-16:15:42.412776 7f5b4b44cc80             Options.max_total_wal_size: 0
2022/07/27-16:15:42.412776 7f5b4b44cc80             Options.delete_obsolete_files_period_micros: 21600000000
2022/07/27-16:15:42.412777 7f5b4b44cc80                   Options.stats_dump_period_sec: 600
2022/07/27-16:15:42.412777 7f5b4b44cc80                 Options.stats_persist_period_sec: 600
2022/07/27-16:15:42.412778 7f5b4b44cc80                 Options.stats_history_buffer_size: 1048576
2022/07/27-16:15:42.412778 7f5b4b44cc80                          Options.max_open_files: -1
2022/07/27-16:15:42.412779 7f5b4b44cc80                          Options.bytes_per_sync: 0
2022/07/27-16:15:42.412779 7f5b4b44cc80                      Options.wal_bytes_per_sync: 0
2022/07/27-16:15:42.412783 7f5b4b44cc80                   Options.strict_bytes_per_sync: 0
2022/07/27-16:15:42.412783 7f5b4b44cc80       Options.compaction_readahead_size: 0
2022/07/27-16:15:42.412784 7f5b4b44cc80                  Options.max_background_flushes: -1
2022/07/27-16:15:42.412784 7f5b4b44cc80 Compression algorithms supported:
2022/07/27-16:15:42.412785 7f5b4b44cc80 	kZSTDNotFinalCompression supported: 1
2022/07/27-16:15:42.412788 7f5b4b44cc80 	kZSTD supported: 1
2022/07/27-16:15:42.412789 7f5b4b44cc80 	kXpressCompression supported: 0
2022/07/27-16:15:42.412789 7f5b4b44cc80 	kLZ4HCCompression supported: 1
2022/07/27-16:15:42.412790 7f5b4b44cc80 	kLZ4Compression supported: 1
2022/07/27-16:15:42.412790 7f5b4b44cc80 	kBZip2Compression supported: 1
2022/07/27-16:15:42.412791 7f5b4b44cc80 	kZlibCompression supported: 1
2022/07/27-16:15:42.412792 7f5b4b44cc80 	kSnappyCompression supported: 1
2022/07/27-16:15:42.412794 7f5b4b44cc80 Fast CRC32 supported: Supported on x86
2022/07/27-16:15:42.412890 7f5b4b44cc80 [db/version_set.cc:4758] Recovering from manifest file: /home/giangnkt/code/testGiang/vue-project/.dfx/state/replicated_state/node-100/ic_consensus_pool/consensus/MANIFEST-000068
2022/07/27-16:15:42.413695 7f5b4b44cc80 [db/column_family.cc:595] --------------- Options for column family [default]:
2022/07/27-16:15:42.413698 7f5b4b44cc80               Options.comparator: leveldb.BytewiseComparator
2022/07/27-16:15:42.413699 7f5b4b44cc80           Options.merge_operator: None
2022/07/27-16:15:42.413700 7f5b4b44cc80        Options.compaction_filter: None
2022/07/27-16:15:42.413700 7f5b4b44cc80        Options.compaction_filter_factory: None
2022/07/27-16:15:42.413701 7f5b4b44cc80  Options.sst_partitioner_factory: None
2022/07/27-16:15:42.413701 7f5b4b44cc80         Options.memtable_factory: SkipListFactory
2022/07/27-16:15:42.413702 7f5b4b44cc80            Options.table_factory: BlockBasedTable
2022/07/27-16:15:42.413722 7f5b4b44cc80            table_factory options:   flush_block_policy_factory: FlushBlockBySizePolicyFactory (0x560dfb428010)
  cache_index_and_filter_blocks: 0
  cache_index_and_filter_blocks_with_high_priority: 1
  pin_l0_filter_and_index_blocks_in_cache: 0
  pin_top_level_index_and_filter: 1
  index_type: 0
  data_block_index_type: 0
  index_shortening: 1
  data_block_hash_table_util_ratio: 0.750000
  hash_index_allow_collision: 1
  checksum: 1
  no_block_cache: 0
  block_cache: 0x560dfb428060
  block_cache_name: LRUCache
  block_cache_options:
    capacity : 8388608
    num_shard_bits : 4
    strict_capacity_limit : 0
    memory_allocator : None
    high_pri_pool_ratio: 0.000
  block_cache_compressed: (nil)
  persistent_cache: (nil)
  block_size: 4096
  block_size_deviation: 10
  block_restart_interval: 16
  index_block_restart_interval: 1
  metadata_block_size: 4096
  partition_filters: 0
  use_delta_encoding: 1
  filter_policy: nullptr
  whole_key_filtering: 1
  verify_compression: 0
  read_amp_bytes_per_bit: 0
  format_version: 4
  enable_index_compression: 1
  block_align: 0
2022/07/27-16:15:42.413726 7f5b4b44cc80        Options.write_buffer_size: 67108864
2022/07/27-16:15:42.413727 7f5b4b44cc80  Options.max_write_buffer_number: 2
2022/07/27-16:15:42.413727 7f5b4b44cc80          Options.compression: Snappy
2022/07/27-16:15:42.413728 7f5b4b44cc80                  Options.bottommost_compression: Disabled
2022/07/27-16:15:42.413728 7f5b4b44cc80       Options.prefix_extractor: nullptr
2022/07/27-16:15:42.413729 7f5b4b44cc80   Options.memtable_insert_with_hint_prefix_extractor: nullptr
2022/07/27-16:15:42.413729 7f5b4b44cc80             Options.num_levels: 7
2022/07/27-16:15:42.413730 7f5b4b44cc80        Options.min_write_buffer_number_to_merge: 1
2022/07/27-16:15:42.413730 7f5b4b44cc80     Options.max_write_buffer_number_to_maintain: 0
2022/07/27-16:15:42.413731 7f5b4b44cc80     Options.max_write_buffer_size_to_maintain: 0
2022/07/27-16:15:42.413731 7f5b4b44cc80            Options.bottommost_compression_opts.window_bits: -14
2022/07/27-16:15:42.413732 7f5b4b44cc80                  Options.bottommost_compression_opts.level: 32767
2022/07/27-16:15:42.413740 7f5b4b44cc80               Options.bottommost_compression_opts.strategy: 0
2022/07/27-16:15:42.413741 7f5b4b44cc80         Options.bottommost_compression_opts.max_dict_bytes: 0
2022/07/27-16:15:42.413741 7f5b4b44cc80         Options.bottommost_compression_opts.zstd_max_train_bytes: 0
2022/07/27-16:15:42.413742 7f5b4b44cc80         Options.bottommost_compression_opts.parallel_threads: 1
2022/07/27-16:15:42.413742 7f5b4b44cc80                  Options.bottommost_compression_opts.enabled: false
2022/07/27-16:15:42.413743 7f5b4b44cc80            Options.compression_opts.window_bits: -14
2022/07/27-16:15:42.413744 7f5b4b44cc80                  Options.compression_opts.level: 32767
2022/07/27-16:15:42.413744 7f5b4b44cc80               Options.compression_opts.strategy: 0
2022/07/27-16:15:42.413745 7f5b4b44cc80         Options.compression_opts.max_dict_bytes: 0
2022/07/27-16:15:42.413745 7f5b4b44cc80         Options.compression_opts.zstd_max_train_bytes: 0
2022/07/27-16:15:42.413746 7f5b4b44cc80         Options.compression_opts.parallel_threads: 1
2022/07/27-16:15:42.413746 7f5b4b44cc80                  Options.compression_opts.enabled: false
2022/07/27-16:15:42.413747 7f5b4b44cc80      Options.level0_file_num_compaction_trigger: 4
2022/07/27-16:15:42.413747 7f5b4b44cc80          Options.level0_slowdown_writes_trigger: 20
2022/07/27-16:15:42.413748 7f5b4b44cc80              Options.level0_stop_writes_trigger: 36
2022/07/27-16:15:42.413748 7f5b4b44cc80                   Options.target_file_size_base: 67108864
2022/07/27-16:15:42.413749 7f5b4b44cc80             Options.target_file_size_multiplier: 1
2022/07/27-16:15:42.413749 7f5b4b44cc80                Options.max_bytes_for_level_base: 268435456
2022/07/27-16:15:42.413750 7f5b4b44cc80 Options.level_compaction_dynamic_level_bytes: 0
2022/07/27-16:15:42.413750 7f5b4b44cc80          Options.max_bytes_for_level_multiplier: 10.000000
2022/07/27-16:15:42.413752 7f5b4b44cc80 Options.max_bytes_for_level_multiplier_addtl[0]: 1
2022/07/27-16:15:42.413752 7f5b4b44cc80 Options.max_bytes_for_level_multiplier_addtl[1]: 1
2022/07/27-16:15:42.413753 7f5b4b44cc80 Options.max_bytes_for_level_multiplier_addtl[2]: 1
2022/07/27-16:15:42.413753 7f5b4b44cc80 Options.max_bytes_for_level_multiplier_addtl[3]: 1
2022/07/27-16:15:42.413754 7f5b4b44cc80 Options.max_bytes_for_level_multiplier_addtl[4]: 1
2022/07/27-16:15:42.413754 7f5b4b44cc80 Options.max_bytes_for_level_multiplier_addtl[5]: 1
2022/07/27-16:15:42.413755 7f5b4b44cc80 Options.max_bytes_for_level_multiplier_addtl[6]: 1
2022/07/27-16:15:42.413755 7f5b4b44cc80       Options.max_sequential_skip_in_iterations: 8
2022/07/27-16:15:42.413756 7f5b4b44cc80                    Options.max_compaction_bytes: 1677721600
2022/07/27-16:15:42.413756 7f5b4b44cc80                        Options.arena_block_size: 8388608
2022/07/27-16:15:42.413757 7f5b4b44cc80   Options.soft_pending_compaction_bytes_limit: 68719476736
2022/07/27-16:15:42.413757 7f5b4b44cc80   Options.hard_pending_compaction_bytes_limit: 274877906944
2022/07/27-16:15:42.413758 7f5b4b44cc80       Options.rate_limit_delay_max_milliseconds: 100
2022/07/27-16:15:42.413759 7f5b4b44cc80                Options.disable_auto_compactions: 0
2022/07/27-16:15:42.413760 7f5b4b44cc80                        Options.compaction_style: kCompactionStyleLevel
2022/07/27-16:15:42.413761 7f5b4b44cc80                          Options.compaction_pri: kMinOverlappingRatio
2022/07/27-16:15:42.413762 7f5b4b44cc80 Options.compaction_options_universal.size_ratio: 1
2022/07/27-16:15:42.413762 7f5b4b44cc80 Options.compaction_options_universal.min_merge_width: 2
2022/07/27-16:15:42.413763 7f5b4b44cc80 Options.compaction_options_universal.max_merge_width: 4294967295
2022/07/27-16:15:42.413763 7f5b4b44cc80 Options.compaction_options_universal.max_size_amplification_percent: 200
2022/07/27-16:15:42.413764 7f5b4b44cc80 Options.compaction_options_universal.compression_size_percent: -1
2022/07/27-16:15:42.413764 7f5b4b44cc80 Options.compaction_options_universal.stop_style: kCompactionStopStyleTotalSize
2022/07/27-16:15:42.413768 7f5b4b44cc80 Options.compaction_options_fifo.max_table_files_size: 1073741824
2022/07/27-16:15:42.413768 7f5b4b44cc80 Options.compaction_options_fifo.allow_compaction: 0
2022/07/27-16:15:42.413770 7f5b4b44cc80                   Options.table_properties_collectors: 
2022/07/27-16:15:42.413771 7f5b4b44cc80                   Options.inplace_update_support: 0
2022/07/27-16:15:42.413771 7f5b4b44cc80                 Options.inplace_update_num_locks: 10000
2022/07/27-16:15:42.413772 7f5b4b44cc80               Options.memtable_prefix_bloom_size_ratio: 0.000000
2022/07/27-16:15:42.413773 7f5b4b44cc80               Options.memtable_whole_key_filtering: 0
2022/07/27-16:15:42.413773 7f5b4b44cc80   Options.memtable_huge_page_size: 0
2022/07/27-16:15:42.413774 7f5b4b44cc80                           Options.bloom_locality: 0
2022/07/27-16:15:42.413774 7f5b4b44cc80                    Options.max_successive_merges: 0
2022/07/27-16:15:42.413775 7f5b4b44cc80                Options.optimize_filters_for_hits: 0
2022/07/27-16:15:42.413775 7f5b4b44cc80                Options.paranoid_file_checks: 0
2022/07/27-16:15:42.413776 7f5b4b44cc80                Options.force_consistency_checks: 1
2022/07/27-16:15:42.413776 7f5b4b44cc80                Options.report_bg_io_stats: 0
2022/07/27-16:15:42.413777 7f5b4b44cc80                               Options.ttl: 2592000
2022/07/27-16:15:42.413777 7f5b4b44cc80          Options.periodic_compaction_seconds: 0
2022/07/27-16:15:42.413778 7f5b4b44cc80                    Options.enable_blob_files: false
2022/07/27-16:15:42.413778 7f5b4b44cc80                        Options.min_blob_size: 0
2022/07/27-16:15:42.413779 7f5b4b44cc80                       Options.blob_file_size: 268435456
2022/07/27-16:15:42.413779 7f5b4b44cc80                Options.blob_compression_type: NoCompression
2022/07/27-16:15:42.413780 7f5b4b44cc80       Options.enable_blob_garbage_collection: false
2022/07/27-16:15:42.413780 7f5b4b44cc80   Options.blob_garbage_collection_age_cutoff: 0.250000
2022/07/27-16:15:42.413874 7f5b4b44cc80 [db/column_family.cc:595] --------------- Options for column family [RB]:
2022/07/27-16:15:42.413876 7f5b4b44cc80               Options.comparator: leveldb.BytewiseComparator
2022/07/27-16:15:42.413877 7f5b4b44cc80           Options.merge_operator: None
2022/07/27-16:15:42.413878 7f5b4b44cc80        Options.compaction_filter: filter_outdated
2022/07/27-16:15:42.413879 7f5b4b44cc80        Options.compaction_filter_factory: None
2022/07/27-16:15:42.413879 7f5b4b44cc80  Options.sst_partitioner_factory: None
2022/07/27-16:15:42.413880 7f5b4b44cc80         Options.memtable_factory: SkipListFactory
2022/07/27-16:15:42.413880 7f5b4b44cc80            Options.table_factory: BlockBasedTable
2022/07/27-16:15:42.413894 7f5b4b44cc80            table_factory options:   flush_block_policy_factory: FlushBlockBySizePolicyFactory (0x560dfb40e210)
  cache_index_and_filter_blocks: 0
  cache_index_and_filter_blocks_with_high_priority: 1
  pin_l0_filter_and_index_blocks_in_cache: 0
  pin_top_level_index_and_filter: 1
  index_type: 0
  data_block_index_type: 0
  index_shortening: 1
  data_block_hash_table_util_ratio: 0.750000
  hash_index_allow_collision: 1
  checksum: 1
  no_block_cache: 0
  block_cache: 0x560dfb40e260
  block_cache_name: LRUCache
  block_cache_options:
    capacity : 8388608
    num_shard_bits : 4
    strict_capacity_limit : 0
    memory_allocator : None
    high_pri_pool_ratio: 0.000
  block_cache_compressed: (nil)
  persistent_cache: (nil)
  block_size: 4096
  block_size_deviation: 10
  block_restart_interval: 16
  index_block_restart_interval: 1
  metadata_block_size: 4096
  partition_filters: 0
  use_delta_encoding: 1
  filter_policy: nullptr
  whole_key_filtering: 1
  verify_compression: 0
  read_amp_bytes_per_bit: 0
  format_version: 4
  enable_index_compression: 1
  block_align: 0
2022/07/27-16:15:42.413898 7f5b4b44cc80        Options.write_buffer_size: 67108864
2022/07/27-16:15:42.413899 7f5b4b44cc80  Options.max_write_buffer_number: 2
2022/07/27-16:15:42.413899 7f5b4b44cc80          Options.compression: NoCompression
2022/07/27-16:15:42.413905 7f5b4b44cc80                  Options.bottommost_compression: Disabled
2022/07/27-16:15:42.413906 7f5b4b44cc80       Options.prefix_extractor: nullptr
2022/07/27-16:15:42.413907 7f5b4b44cc80   Options.memtable_insert_with_hint_prefix_extractor: nullptr
2022/07/27-16:15:42.413907 7f5b4b44cc80             Options.num_levels: 7
2022/07/27-16:15:42.413908 7f5b4b44cc80        Options.min_write_buffer_number_to_merge: 1
2022/07/27-16:15:42.413908 7f5b4b44cc80     Options.max_write_buffer_number_to_maintain: 0
2022/07/27-16:15:42.413909 7f5b4b44cc80     Options.max_write_buffer_size_to_maintain: 0
2022/07/27-16:15:42.413909 7f5b4b44cc80            Options.bottommost_compression_opts.window_bits: -14
2022/07/27-16:15:42.413910 7f5b4b44cc80                  Options.bottommost_compression_opts.level: 32767
2022/07/27-16:15:42.413910 7f5b4b44cc80               Options.bottommost_compression_opts.strategy: 0
2022/07/27-16:15:42.413911 7f5b4b44cc80         Options.bottommost_compression_opts.max_dict_bytes: 0
2022/07/27-16:15:42.413911 7f5b4b44cc80         Options.bottommost_compression_opts.zstd_max_train_bytes: 0
2022/07/27-16:15:42.413912 7f5b4b44cc80         Options.bottommost_compression_opts.parallel_threads: 1
2022/07/27-16:15:42.413912 7f5b4b44cc80                  Options.bottommost_compression_opts.enabled: false
2022/07/27-16:15:42.413913 7f5b4b44cc80            Options.compression_opts.window_bits: -14
2022/07/27-16:15:42.413913 7f5b4b44cc80                  Options.compression_opts.level: 32767
2022/07/27-16:15:42.413914 7f5b4b44cc80               Options.compression_opts.strategy: 0
2022/07/27-16:15:42.413914 7f5b4b44cc80         Options.compression_opts.max_dict_bytes: 0
2022/07/27-16:15:42.413915 7f5b4b44cc80         Options.compression_opts.zstd_max_train_bytes: 0
2022/07/27-16:15:42.413915 7f5b4b44cc80         Options.compression_opts.parallel_threads: 1
2022/07/27-16:15:42.413916 7f5b4b44cc80                  Options.compression_opts.enabled: false
2022/07/27-16:15:42.413916 7f5b4b44cc80      Options.level0_file_num_compaction_trigger: 4
2022/07/27-16:15:42.413917 7f5b4b44cc80          Options.level0_slowdown_writes_trigger: 20
2022/07/27-16:15:42.413917 7f5b4b44cc80              Options.level0_stop_writes_trigger: 36
2022/07/27-16:15:42.413918 7f5b4b44cc80                   Options.target_file_size_base: 67108864
2022/07/27-16:15:42.413918 7f5b4b44cc80             Options.target_file_size_multiplier: 1
2022/07/27-16:15:42.413919 7f5b4b44cc80                Options.max_bytes_for_level_base: 268435456
2022/07/27-16:15:42.413919 7f5b4b44cc80 Options.level_compaction_dynamic_level_bytes: 0
2022/07/27-16:15:42.413920 7f5b4b44cc80          Options.max_bytes_for_level_multiplier: 10.000000
2022/07/27-16:15:42.413921 7f5b4b44cc80 Options.max_bytes_for_level_multiplier_addtl[0]: 1
2022/07/27-16:15:42.413922 7f5b4b44cc80 Options.max_bytes_for_level_multiplier_addtl[1]: 1
2022/07/27-16:15:42.413922 7f5b4b44cc80 Options.max_bytes_for_level_multiplier_addtl[2]: 1
2022/07/27-16:15:42.413923 7f5b4b44cc80 Options.max_bytes_for_level_multiplier_addtl[3]: 1
2022/07/27-16:15:42.413923 7f5b4b44cc80 Options.max_bytes_for_level_multiplier_addtl[4]: 1
2022/07/27-16:15:42.413924 7f5b4b44cc80 Options.max_bytes_for_level_multiplier_addtl[5]: 1
2022/07/27-16:15:42.413924 7f5b4b44cc80 Options.max_bytes_for_level_multiplier_addtl[6]: 1
2022/07/27-16:15:42.413925 7f5b4b44cc80       Options.max_sequential_skip_in_iterations: 8
2022/07/27-16:15:42.413925 7f5b4b44cc80                    Options.max_compaction_bytes: 1677721600
2022/07/27-16:15:42.413926 7f5b4b44cc80                        Options.arena_block_size: 8388608
2022/07/27-16:15:42.413926 7f5b4b44cc80   Options.soft_pending_compaction_bytes_limit: 68719476736
2022/07/27-16:15:42.413927 7f5b4b44cc80   Options.hard_pending_compaction_bytes_limit: 274877906944
2022/07/27-16:15:42.413927 7f5b4b44cc80       Options.rate_limit_delay_max_milliseconds: 100
2022/07/27-16:15:42.413928 7f5b4b44cc80                Options.disable_auto_compactions: 1
2022/07/27-16:15:42.413932 7f5b4b44cc80                        Options.compaction_style: kCompactionStyleLevel
2022/07/27-16:15:42.413932 7f5b4b44cc80                          Options.compaction_pri: kMinOverlappingRatio
2022/07/27-16:15:42.413933 7f5b4b44cc80 Options.compaction_options_universal.size_ratio: 1
2022/07/27-16:15:42.413933 7f5b4b44cc80 Options.compaction_options_universal.min_merge_width: 2
2022/07/27-16:15:42.413934 7f5b4b44cc80 Options.compaction_options_universal.max_merge_width: 4294967295
2022/07/27-16:15:42.413934 7f5b4b44cc80 Options.compaction_options_universal.max_size_amplification_percent: 200
2022/07/27-16:15:42.413935 7f5b4b44cc80 Options.compaction_options_universal.compression_size_percent: -1
2022/07/27-16:15:42.413936 7f5b4b44cc80 Options.compaction_options_universal.stop_style: kCompactionStopStyleTotalSize
2022/07/27-16:15:42.413936 7f5b4b44cc80 Options.compaction_options_fifo.max_table_files_size: 1073741824
2022/07/27-16:15:42.413937 7f5b4b44cc80 Options.compaction_options_fifo.allow_compaction: 0
2022/07/27-16:15:42.413938 7f5b4b44cc80                   Options.table_properties_collectors: 
2022/07/27-16:15:42.413939 7f5b4b44cc80                   Options.inplace_update_support: 0
2022/07/27-16:15:42.413939 7f5b4b44cc80                 Options.inplace_update_num_locks: 10000
2022/07/27-16:15:42.413940 7f5b4b44cc80               Options.memtable_prefix_bloom_size_ratio: 0.000000
2022/07/27-16:15:42.413941 7f5b4b44cc80               Options.memtable_whole_key_filtering: 0
2022/07/27-16:15:42.413941 7f5b4b44cc80   Options.memtable_huge_page_size: 0
2022/07/27-16:15:42.413942 7f5b4b44cc80                           Options.bloom_locality: 0
2022/07/27-16:15:42.413942 7f5b4b44cc80                    Options.max_successive_merges: 0
2022/07/27-16:15:42.413943 7f5b4b44cc80                Options.optimize_filters_for_hits: 0
2022/07/27-16:15:42.413943 7f5b4b44cc80                Options.paranoid_file_checks: 0
2022/07/27-16:15:42.413944 7f5b4b44cc80                Options.force_consistency_checks: 1
2022/07/27-16:15:42.413944 7f5b4b44cc80                Options.report_bg_io_stats: 0
2022/07/27-16:15:42.413945 7f5b4b44cc80                               Options.ttl: 2592000
2022/07/27-16:15:42.413945 7f5b4b44cc80          Options.periodic_compaction_seconds: 2592000
2022/07/27-16:15:42.413946 7f5b4b44cc80                    Options.enable_blob_files: false
2022/07/27-16:15:42.413946 7f5b4b44cc80                        Options.min_blob_size: 0
2022/07/27-16:15:42.413947 7f5b4b44cc80                       Options.blob_file_size: 268435456
2022/07/27-16:15:42.413947 7f5b4b44cc80                Options.blob_compression_type: NoCompression
2022/07/27-16:15:42.413948 7f5b4b44cc80       Options.enable_blob_garbage_collection: false
2022/07/27-16:15:42.413948 7f5b4b44cc80   Options.blob_garbage_collection_age_cutoff: 0.250000
2022/07/27-16:15:42.413970 7f5b4b44cc80 [db/column_family.cc:595] --------------- Options for column family [FZ]:
2022/07/27-16:15:42.413971 7f5b4b44cc80               Options.comparator: leveldb.BytewiseComparator
2022/07/27-16:15:42.413972 7f5b4b44cc80           Options.merge_operator: None
2022/07/27-16:15:42.413972 7f5b4b44cc80        Options.compaction_filter: filter_outdated
2022/07/27-16:15:42.413973 7f5b4b44cc80        Options.compaction_filter_factory: None
2022/07/27-16:15:42.413973 7f5b4b44cc80  Options.sst_partitioner_factory: None
2022/07/27-16:15:42.413974 7f5b4b44cc80         Options.memtable_factory: SkipListFactory
2022/07/27-16:15:42.413974 7f5b4b44cc80            Options.table_factory: BlockBasedTable
2022/07/27-16:15:42.413985 7f5b4b44cc80            table_factory options:   flush_block_policy_factory: FlushBlockBySizePolicyFactory (0x560dfb4104a0)
  cache_index_and_filter_blocks: 0
  cache_index_and_filter_blocks_with_high_priority: 1
  pin_l0_filter_and_index_blocks_in_cache: 0
  pin_top_level_index_and_filter: 1
  index_type: 0
  data_block_index_type: 0
  index_shortening: 1
  data_block_hash_table_util_ratio: 0.750000
  hash_index_allow_collision: 1
  checksum: 1
  no_block_cache: 0
  block_cache: 0x560dfb4104f0
  block_cache_name: LRUCache
  block_cache_options:
    capacity : 8388608
    num_shard_bits : 4
    strict_capacity_limit : 0
    memory_allocator : None
    high_pri_pool_ratio: 0.000
  block_cache_compressed: (nil)
  persistent_cache: (nil)
  block_size: 4096
  block_size_deviation: 10
  block_restart_interval: 16
  index_block_restart_interval: 1
  metadata_block_size: 4096
  partition_filters: 0
  use_delta_encoding: 1
  filter_policy: nullptr
  whole_key_filtering: 1
  verify_compression: 0
  read_amp_bytes_per_bit: 0
  format_version: 4
  enable_index_compression: 1
  block_align: 0
2022/07/27-16:15:42.413992 7f5b4b44cc80        Options.write_buffer_size: 67108864
2022/07/27-16:15:42.413992 7f5b4b44cc80  Options.max_write_buffer_number: 2
2022/07/27-16:15:42.413993 7f5b4b44cc80          Options.compression: NoCompression
2022/07/27-16:15:42.413993 7f5b4b44cc80                  Options.bottommost_compression: Disabled
2022/07/27-16:15:42.413994 7f5b4b44cc80       Options.prefix_extractor: nullptr
2022/07/27-16:15:42.413994 7f5b4b44cc80   Options.memtable_insert_with_hint_prefix_extractor: nullptr
2022/07/27-16:15:42.413995 7f5b4b44cc80             Options.num_levels: 7
2022/07/27-16:15:42.413995 7f5b4b44cc80        Options.min_write_buffer_number_to_merge: 1
2022/07/27-16:15:42.413996 7f5b4b44cc80     Options.max_write_buffer_number_to_maintain: 0
2022/07/27-16:15:42.413996 7f5b4b44cc80     Options.max_write_buffer_size_to_maintain: 0
2022/07/27-16:15:42.413997 7f5b4b44cc80            Options.bottommost_compression_opts.window_bits: -14
2022/07/27-16:15:42.413997 7f5b4b44cc80                  Options.bottommost_compression_opts.level: 32767
2022/07/27-16:15:42.413998 7f5b4b44cc80               Options.bottommost_compression_opts.strategy: 0
2022/07/27-16:15:42.413998 7f5b4b44cc80         Options.bottommost_compression_opts.max_dict_bytes: 0
2022/07/27-16:15:42.413999 7f5b4b44cc80         Options.bottommost_compression_opts.zstd_max_train_bytes: 0
2022/07/27-16:15:42.413999 7f5b4b44cc80         Options.bottommost_compression_opts.parallel_threads: 1
2022/07/27-16:15:42.414000 7f5b4b44cc80                  Options.bottommost_compression_opts.enabled: false
2022/07/27-16:15:42.414000 7f5b4b44cc80            Options.compression_opts.window_bits: -14
2022/07/27-16:15:42.414001 7f5b4b44cc80                  Options.compression_opts.level: 32767
2022/07/27-16:15:42.414001 7f5b4b44cc80               Options.compression_opts.strategy: 0
2022/07/27-16:15:42.414002 7f5b4b44cc80         Options.compression_opts.max_dict_bytes: 0
2022/07/27-16:15:42.414002 7f5b4b44cc80         Options.compression_opts.zstd_max_train_bytes: 0
2022/07/27-16:15:42.414003 7f5b4b44cc80         Options.compression_opts.parallel_threads: 1
2022/07/27-16:15:42.414003 7f5b4b44cc80                  Options.compression_opts.enabled: false
2022/07/27-16:15:42.414004 7f5b4b44cc80      Options.level0_file_num_compaction_trigger: 4
2022/07/27-16:15:42.414004 7f5b4b44cc80          Options.level0_slowdown_writes_trigger: 20
2022/07/27-16:15:42.414005 7f5b4b44cc80              Options.level0_stop_writes_trigger: 36
2022/07/27-16:15:42.414005 7f5b4b44cc80                   Options.target_file_size_base: 67108864
2022/07/27-16:15:42.414006 7f5b4b44cc80             Options.target_file_size_multiplier: 1
2022/07/27-16:15:42.414006 7f5b4b44cc80                Options.max_bytes_for_level_base: 268435456
2022/07/27-16:15:42.414007 7f5b4b44cc80 Options.level_compaction_dynamic_level_bytes: 0
2022/07/27-16:15:42.414007 7f5b4b44cc80          Options.max_bytes_for_level_multiplier: 10.000000
2022/07/27-16:15:42.414008 7f5b4b44cc80 Options.max_bytes_for_level_multiplier_addtl[0]: 1
2022/07/27-16:15:42.414009 7f5b4b44cc80 Options.max_bytes_for_level_multiplier_addtl[1]: 1
2022/07/27-16:15:42.414009 7f5b4b44cc80 Options.max_bytes_for_level_multiplier_addtl[2]: 1
2022/07/27-16:15:42.414010 7f5b4b44cc80 Options.max_bytes_for_level_multiplier_addtl[3]: 1
2022/07/27-16:15:42.414010 7f5b4b44cc80 Options.max_bytes_for_level_multiplier_addtl[4]: 1
2022/07/27-16:15:42.414014 7f5b4b44cc80 Options.max_bytes_for_level_multiplier_addtl[5]: 1
2022/07/27-16:15:42.414014 7f5b4b44cc80 Options.max_bytes_for_level_multiplier_addtl[6]: 1
2022/07/27-16:15:42.414015 7f5b4b44cc80       Options.max_sequential_skip_in_iterations: 8
2022/07/27-16:15:42.414015 7f5b4b44cc80                    Options.max_compaction_bytes: 1677721600
2022/07/27-16:15:42.414016 7f5b4b44cc80                        Options.arena_block_size: 8388608
2022/07/27-16:15:42.414016 7f5b4b44cc80   Options.soft_pending_compaction_bytes_limit: 68719476736
2022/07/27-16:15:42.414017 7f5b4b44cc80   Options.hard_pending_compaction_bytes_limit: 274877906944
2022/07/27-16:15:42.414017 7f5b4b44cc80       Options.rate_limit_delay_max_milliseconds: 100
2022/07/27-16:15:42.414018 7f5b4b44cc80                Options.disable_auto_compactions: 1
2022/07/27-16:15:42.414018 7f5b4b44cc80                        Options.compaction_style: kCompactionStyleLevel
2022/07/27-16:15:42.414019 7f5b4b44cc80                          Options.compaction_pri: kMinOverlappingRatio
2022/07/27-16:15:42.414020 7f5b4b44cc80 Options.compaction_options_universal.size_ratio: 1
2022/07/27-16:15:42.414020 7f5b4b44cc80 Options.compaction_options_universal.min_merge_width: 2
2022/07/27-16:15:42.414020 7f5b4b44cc80 Options.compaction_options_universal.max_merge_width: 4294967295
2022/07/27-16:15:42.414021 7f5b4b44cc80 Options.compaction_options_universal.max_size_amplification_percent: 200
2022/07/27-16:15:42.414021 7f5b4b44cc80 Options.compaction_options_universal.compression_size_percent: -1
2022/07/27-16:15:42.414022 7f5b4b44cc80 Options.compaction_options_universal.stop_style: kCompactionStopStyleTotalSize
2022/07/27-16:15:42.414023 7f5b4b44cc80 Options.compaction_options_fifo.max_table_files_size: 1073741824
2022/07/27-16:15:42.414023 7f5b4b44cc80 Options.compaction_options_fifo.allow_compaction: 0
2022/07/27-16:15:42.414024 7f5b4b44cc80                   Options.table_properties_collectors: 
2022/07/27-16:15:42.414025 7f5b4b44cc80                   Options.inplace_update_support: 0
2022/07/27-16:15:42.414025 7f5b4b44cc80                 Options.inplace_update_num_locks: 10000
2022/07/27-16:15:42.414026 7f5b4b44cc80               Options.memtable_prefix_bloom_size_ratio: 0.000000
2022/07/27-16:15:42.414026 7f5b4b44cc80               Options.memtable_whole_key_filtering: 0
2022/07/27-16:15:42.414027 7f5b4b44cc80   Options.memtable_huge_page_size: 0
2022/07/27-16:15:42.414027 7f5b4b44cc80                           Options.bloom_locality: 0
2022/07/27-16:15:42.414028 7f5b4b44cc80                    Options.max_successive_merges: 0
2022/07/27-16:15:42.414028 7f5b4b44cc80                Options.optimize_filters_for_hits: 0
2022/07/27-16:15:42.414029 7f5b4b44cc80                Options.paranoid_file_checks: 0
2022/07/27-16:15:42.414029 7f5b4b44cc80                Options.force_consistency_checks: 1
2022/07/27-16:15:42.414030 7f5b4b44cc80                Options.report_bg_io_stats: 0
2022/07/27-16:15:42.414030 7f5b4b44cc80                               Options.ttl: 2592000
2022/07/27-16:15:42.414031 7f5b4b44cc80          Options.periodic_compaction_seconds: 2592000
2022/07/27-16:15:42.414031 7f5b4b44cc80                    Options.enable_blob_files: false
2022/07/27-16:15:42.414032 7f5b4b44cc80                        Options.min_blob_size: 0
2022/07/27-16:15:42.414032 7f5b4b44cc80                       Options.blob_file_size: 268435456
2022/07/27-16:15:42.414033 7f5b4b44cc80                Options.blob_compression_type: NoCompression
2022/07/27-16:15:42.414034 7f5b4b44cc80       Options.enable_blob_garbage_collection: false
2022/07/27-16:15:42.414034 7f5b4b44cc80   Options.blob_garbage_collection_age_cutoff: 0.250000
2022/07/27-16:15:42.414051 7f5b4b44cc80 [db/column_family.cc:595] --------------- Options for column family [NZ]:
2022/07/27-16:15:42.414052 7f5b4b44cc80               Options.comparator: leveldb.BytewiseComparator
2022/07/27-16:15:42.414053 7f5b4b44cc80           Options.merge_operator: None
2022/07/27-16:15:42.414057 7f5b4b44cc80        Options.compaction_filter: filter_outdated
2022/07/27-16:15:42.414058 7f5b4b44cc80        Options.compaction_filter_factory: None
2022/07/27-16:15:42.414059 7f5b4b44cc80  Options.sst_partitioner_factory: None
2022/07/27-16:15:42.414059 7f5b4b44cc80         Options.memtable_factory: SkipListFactory
2022/07/27-16:15:42.414060 7f5b4b44cc80            Options.table_factory: BlockBasedTable
2022/07/27-16:15:42.414097 7f5b4b44cc80            table_factory options:   flush_block_policy_factory: FlushBlockBySizePolicyFactory (0x560dfb412750)
  cache_index_and_filter_blocks: 0
  cache_index_and_filter_blocks_with_high_priority: 1
  pin_l0_filter_and_index_blocks_in_cache: 0
  pin_top_level_index_and_filter: 1
  index_type: 0
  data_block_index_type: 0
  index_shortening: 1
  data_block_hash_table_util_ratio: 0.750000
  hash_index_allow_collision: 1
  checksum: 1
  no_block_cache: 0
  block_cache: 0x560dfb4127a0
  block_cache_name: LRUCache
  block_cache_options:
    capacity : 8388608
    num_shard_bits : 4
    strict_capacity_limit : 0
    memory_allocator : None
    high_pri_pool_ratio: 0.000
  block_cache_compressed: (nil)
  persistent_cache: (nil)
  block_size: 4096
  block_size_deviation: 10
  block_restart_interval: 16
  index_block_restart_interval: 1
  metadata_block_size: 4096
  partition_filters: 0
  use_delta_encoding: 1
  filter_policy: nullptr
  whole_key_filtering: 1
  verify_compression: 0
  read_amp_bytes_per_bit: 0
  format_version: 4
  enable_index_compression: 1
  block_align: 0
2022/07/27-16:15:42.414102 7f5b4b44cc80        Options.write_buffer_size: 67108864
2022/07/27-16:15:42.414103 7f5b4b44cc80  Options.max_write_buffer_number: 2
2022/07/27-16:15:42.414103 7f5b4b44cc80          Options.compression: NoCompression
2022/07/27-16:15:42.414104 7f5b4b44cc80                  Options.bottommost_compression: Disabled
2022/07/27-16:15:42.414104 7f5b4b44cc80       Options.prefix_extractor: nullptr
2022/07/27-16:15:42.414105 7f5b4b44cc80   Options.memtable_insert_with_hint_prefix_extractor: nullptr
2022/07/27-16:15:42.414105 7f5b4b44cc80             Options.num_levels: 7
2022/07/27-16:15:42.414106 7f5b4b44cc80        Options.min_write_buffer_number_to_merge: 1
2022/07/27-16:15:42.414106 7f5b4b44cc80     Options.max_write_buffer_number_to_maintain: 0
2022/07/27-16:15:42.414107 7f5b4b44cc80     Options.max_write_buffer_size_to_maintain: 0
2022/07/27-16:15:42.414107 7f5b4b44cc80            Options.bottommost_compression_opts.window_bits: -14
2022/07/27-16:15:42.414108 7f5b4b44cc80                  Options.bottommost_compression_opts.level: 32767
2022/07/27-16:15:42.414108 7f5b4b44cc80               Options.bottommost_compression_opts.strategy: 0
2022/07/27-16:15:42.414109 7f5b4b44cc80         Options.bottommost_compression_opts.max_dict_bytes: 0
2022/07/27-16:15:42.414109 7f5b4b44cc80         Options.bottommost_compression_opts.zstd_max_train_bytes: 0
