2022/07/29-22:35:08.331240 7f9e50234c80 RocksDB version: 6.17.0
2022/07/29-22:35:08.331283 7f9e50234c80 Git sha 0
2022/07/29-22:35:08.331306 7f9e50234c80 DB SUMMARY
2022/07/29-22:35:08.331307 7f9e50234c80 DB Session ID:  MK6MBKLTQID3VRTSDGJG
2022/07/29-22:35:08.331313 7f9e50234c80 SST files in /home/giangnkt/code/testGiang/vue-project/.dfx/state/replicated_state/node-100/ic_consensus_pool/certification dir, Total Num: 0, files: 
2022/07/29-22:35:08.331314 7f9e50234c80 Write Ahead Log file in /home/giangnkt/code/testGiang/vue-project/.dfx/state/replicated_state/node-100/ic_consensus_pool/certification: 
2022/07/29-22:35:08.331315 7f9e50234c80                         Options.error_if_exists: 0
2022/07/29-22:35:08.331316 7f9e50234c80                       Options.create_if_missing: 1
2022/07/29-22:35:08.331316 7f9e50234c80                         Options.paranoid_checks: 1
2022/07/29-22:35:08.331317 7f9e50234c80                               Options.track_and_verify_wals_in_manifest: 0
2022/07/29-22:35:08.331318 7f9e50234c80                                     Options.env: 0x5650cdc55940
2022/07/29-22:35:08.331318 7f9e50234c80                                      Options.fs: Posix File System
2022/07/29-22:35:08.331319 7f9e50234c80                                Options.info_log: 0x56510fc26e80
2022/07/29-22:35:08.331319 7f9e50234c80                Options.max_file_opening_threads: 16
2022/07/29-22:35:08.331320 7f9e50234c80                              Options.statistics: (nil)
2022/07/29-22:35:08.331321 7f9e50234c80                               Options.use_fsync: 1
2022/07/29-22:35:08.331321 7f9e50234c80                       Options.max_log_file_size: 0
2022/07/29-22:35:08.331322 7f9e50234c80                  Options.max_manifest_file_size: 1073741824
2022/07/29-22:35:08.331322 7f9e50234c80                   Options.log_file_time_to_roll: 0
2022/07/29-22:35:08.331323 7f9e50234c80                       Options.keep_log_file_num: 1000
2022/07/29-22:35:08.331323 7f9e50234c80                    Options.recycle_log_file_num: 0
2022/07/29-22:35:08.331324 7f9e50234c80                         Options.allow_fallocate: 1
2022/07/29-22:35:08.331325 7f9e50234c80                        Options.allow_mmap_reads: 0
2022/07/29-22:35:08.331325 7f9e50234c80                       Options.allow_mmap_writes: 0
2022/07/29-22:35:08.331326 7f9e50234c80                        Options.use_direct_reads: 0
2022/07/29-22:35:08.331326 7f9e50234c80                        Options.use_direct_io_for_flush_and_compaction: 0
2022/07/29-22:35:08.331327 7f9e50234c80          Options.create_missing_column_families: 1
2022/07/29-22:35:08.331327 7f9e50234c80                              Options.db_log_dir: 
2022/07/29-22:35:08.331328 7f9e50234c80                                 Options.wal_dir: /home/giangnkt/code/testGiang/vue-project/.dfx/state/replicated_state/node-100/ic_consensus_pool/certification
2022/07/29-22:35:08.331328 7f9e50234c80                Options.table_cache_numshardbits: 6
2022/07/29-22:35:08.331329 7f9e50234c80                         Options.WAL_ttl_seconds: 0
2022/07/29-22:35:08.331329 7f9e50234c80                       Options.WAL_size_limit_MB: 0
2022/07/29-22:35:08.331330 7f9e50234c80                        Options.max_write_batch_group_size_bytes: 1048576
2022/07/29-22:35:08.331330 7f9e50234c80             Options.manifest_preallocation_size: 4194304
2022/07/29-22:35:08.331331 7f9e50234c80                     Options.is_fd_close_on_exec: 1
2022/07/29-22:35:08.331331 7f9e50234c80                   Options.advise_random_on_open: 1
2022/07/29-22:35:08.331332 7f9e50234c80                    Options.db_write_buffer_size: 0
2022/07/29-22:35:08.331332 7f9e50234c80                    Options.write_buffer_manager: 0x56510fcd9a30
2022/07/29-22:35:08.331333 7f9e50234c80         Options.access_hint_on_compaction_start: 1
2022/07/29-22:35:08.331333 7f9e50234c80  Options.new_table_reader_for_compaction_inputs: 0
2022/07/29-22:35:08.331334 7f9e50234c80           Options.random_access_max_buffer_size: 1048576
2022/07/29-22:35:08.331334 7f9e50234c80                      Options.use_adaptive_mutex: 0
2022/07/29-22:35:08.331335 7f9e50234c80                            Options.rate_limiter: (nil)
2022/07/29-22:35:08.331340 7f9e50234c80     Options.sst_file_manager.rate_bytes_per_sec: 0
2022/07/29-22:35:08.331341 7f9e50234c80                       Options.wal_recovery_mode: 2
2022/07/29-22:35:08.331342 7f9e50234c80                  Options.enable_thread_tracking: 0
2022/07/29-22:35:08.331342 7f9e50234c80                  Options.enable_pipelined_write: 0
2022/07/29-22:35:08.331343 7f9e50234c80                  Options.unordered_write: 0
2022/07/29-22:35:08.331343 7f9e50234c80         Options.allow_concurrent_memtable_write: 1
2022/07/29-22:35:08.331344 7f9e50234c80      Options.enable_write_thread_adaptive_yield: 1
2022/07/29-22:35:08.331344 7f9e50234c80             Options.write_thread_max_yield_usec: 100
2022/07/29-22:35:08.331345 7f9e50234c80            Options.write_thread_slow_yield_usec: 3
2022/07/29-22:35:08.331345 7f9e50234c80                               Options.row_cache: None
2022/07/29-22:35:08.331346 7f9e50234c80                              Options.wal_filter: None
2022/07/29-22:35:08.331346 7f9e50234c80             Options.avoid_flush_during_recovery: 0
2022/07/29-22:35:08.331347 7f9e50234c80             Options.allow_ingest_behind: 0
2022/07/29-22:35:08.331347 7f9e50234c80             Options.preserve_deletes: 0
2022/07/29-22:35:08.331348 7f9e50234c80             Options.two_write_queues: 0
2022/07/29-22:35:08.331348 7f9e50234c80             Options.manual_wal_flush: 0
2022/07/29-22:35:08.331349 7f9e50234c80             Options.atomic_flush: 0
2022/07/29-22:35:08.331349 7f9e50234c80             Options.avoid_unnecessary_blocking_io: 0
2022/07/29-22:35:08.331350 7f9e50234c80                 Options.persist_stats_to_disk: 0
2022/07/29-22:35:08.331350 7f9e50234c80                 Options.write_dbid_to_manifest: 0
2022/07/29-22:35:08.331351 7f9e50234c80                 Options.log_readahead_size: 0
2022/07/29-22:35:08.331351 7f9e50234c80                 Options.file_checksum_gen_factory: Unknown
2022/07/29-22:35:08.331352 7f9e50234c80                 Options.best_efforts_recovery: 0
2022/07/29-22:35:08.331353 7f9e50234c80                Options.max_bgerror_resume_count: 2147483647
2022/07/29-22:35:08.331353 7f9e50234c80            Options.bgerror_resume_retry_interval: 1000000
2022/07/29-22:35:08.331354 7f9e50234c80             Options.allow_data_in_errors: 0
2022/07/29-22:35:08.331354 7f9e50234c80             Options.db_host_id: __hostname__
2022/07/29-22:35:08.331355 7f9e50234c80             Options.max_background_jobs: 2
2022/07/29-22:35:08.331355 7f9e50234c80             Options.max_background_compactions: -1
2022/07/29-22:35:08.331356 7f9e50234c80             Options.max_subcompactions: 1
2022/07/29-22:35:08.331356 7f9e50234c80             Options.avoid_flush_during_shutdown: 0
2022/07/29-22:35:08.331357 7f9e50234c80           Options.writable_file_max_buffer_size: 1048576
2022/07/29-22:35:08.331357 7f9e50234c80             Options.delayed_write_rate : 16777216
2022/07/29-22:35:08.331358 7f9e50234c80             Options.max_total_wal_size: 0
2022/07/29-22:35:08.331358 7f9e50234c80             Options.delete_obsolete_files_period_micros: 21600000000
2022/07/29-22:35:08.331359 7f9e50234c80                   Options.stats_dump_period_sec: 600
2022/07/29-22:35:08.331359 7f9e50234c80                 Options.stats_persist_period_sec: 600
2022/07/29-22:35:08.331360 7f9e50234c80                 Options.stats_history_buffer_size: 1048576
2022/07/29-22:35:08.331360 7f9e50234c80                          Options.max_open_files: -1
2022/07/29-22:35:08.331361 7f9e50234c80                          Options.bytes_per_sync: 0
2022/07/29-22:35:08.331362 7f9e50234c80                      Options.wal_bytes_per_sync: 0
2022/07/29-22:35:08.331362 7f9e50234c80                   Options.strict_bytes_per_sync: 0
2022/07/29-22:35:08.331363 7f9e50234c80       Options.compaction_readahead_size: 0
2022/07/29-22:35:08.331363 7f9e50234c80                  Options.max_background_flushes: -1
2022/07/29-22:35:08.331364 7f9e50234c80 Compression algorithms supported:
2022/07/29-22:35:08.331367 7f9e50234c80 	kZSTDNotFinalCompression supported: 1
2022/07/29-22:35:08.331368 7f9e50234c80 	kZSTD supported: 1
2022/07/29-22:35:08.331369 7f9e50234c80 	kXpressCompression supported: 0
2022/07/29-22:35:08.331370 7f9e50234c80 	kLZ4HCCompression supported: 1
2022/07/29-22:35:08.331370 7f9e50234c80 	kLZ4Compression supported: 1
2022/07/29-22:35:08.331371 7f9e50234c80 	kBZip2Compression supported: 1
2022/07/29-22:35:08.331371 7f9e50234c80 	kZlibCompression supported: 1
2022/07/29-22:35:08.331372 7f9e50234c80 	kSnappyCompression supported: 1
2022/07/29-22:35:08.331375 7f9e50234c80 Fast CRC32 supported: Supported on x86
2022/07/29-22:35:08.332674 7f9e50234c80 [db/db_impl/db_impl_open.cc:283] Creating manifest 1 
2022/07/29-22:35:08.336803 7f9e50234c80 [db/version_set.cc:4758] Recovering from manifest file: /home/giangnkt/code/testGiang/vue-project/.dfx/state/replicated_state/node-100/ic_consensus_pool/certification/MANIFEST-000001
2022/07/29-22:35:08.336885 7f9e50234c80 [db/column_family.cc:595] --------------- Options for column family [default]:
2022/07/29-22:35:08.336887 7f9e50234c80               Options.comparator: leveldb.BytewiseComparator
2022/07/29-22:35:08.336888 7f9e50234c80           Options.merge_operator: None
2022/07/29-22:35:08.336889 7f9e50234c80        Options.compaction_filter: None
2022/07/29-22:35:08.336889 7f9e50234c80        Options.compaction_filter_factory: None
2022/07/29-22:35:08.336890 7f9e50234c80  Options.sst_partitioner_factory: None
2022/07/29-22:35:08.336890 7f9e50234c80         Options.memtable_factory: SkipListFactory
2022/07/29-22:35:08.336891 7f9e50234c80            Options.table_factory: BlockBasedTable
2022/07/29-22:35:08.336906 7f9e50234c80            table_factory options:   flush_block_policy_factory: FlushBlockBySizePolicyFactory (0x56510fce0280)
  cache_index_and_filter_blocks: 0
  cache_index_and_filter_blocks_with_high_priority: 1
  pin_l0_filter_and_index_blocks_in_cache: 0
  pin_top_level_index_and_filter: 1
  index_type: 0
  data_block_index_type: 0
  index_shortening: 1
  data_block_hash_table_util_ratio: 0.750000
  hash_index_allow_collision: 1
  checksum: 1
  no_block_cache: 0
  block_cache: 0x56510fd66640
  block_cache_name: LRUCache
  block_cache_options:
    capacity : 8388608
    num_shard_bits : 4
    strict_capacity_limit : 0
    memory_allocator : None
    high_pri_pool_ratio: 0.000
  block_cache_compressed: (nil)
  persistent_cache: (nil)
  block_size: 4096
  block_size_deviation: 10
  block_restart_interval: 16
  index_block_restart_interval: 1
  metadata_block_size: 4096
  partition_filters: 0
  use_delta_encoding: 1
  filter_policy: nullptr
  whole_key_filtering: 1
  verify_compression: 0
  read_amp_bytes_per_bit: 0
  format_version: 4
  enable_index_compression: 1
  block_align: 0
2022/07/29-22:35:08.336907 7f9e50234c80        Options.write_buffer_size: 67108864
2022/07/29-22:35:08.336908 7f9e50234c80  Options.max_write_buffer_number: 2
2022/07/29-22:35:08.336908 7f9e50234c80          Options.compression: Snappy
2022/07/29-22:35:08.336909 7f9e50234c80                  Options.bottommost_compression: Disabled
2022/07/29-22:35:08.336910 7f9e50234c80       Options.prefix_extractor: nullptr
2022/07/29-22:35:08.336910 7f9e50234c80   Options.memtable_insert_with_hint_prefix_extractor: nullptr
2022/07/29-22:35:08.336911 7f9e50234c80             Options.num_levels: 7
2022/07/29-22:35:08.336911 7f9e50234c80        Options.min_write_buffer_number_to_merge: 1
2022/07/29-22:35:08.336912 7f9e50234c80     Options.max_write_buffer_number_to_maintain: 0
2022/07/29-22:35:08.336912 7f9e50234c80     Options.max_write_buffer_size_to_maintain: 0
2022/07/29-22:35:08.336913 7f9e50234c80            Options.bottommost_compression_opts.window_bits: -14
2022/07/29-22:35:08.336913 7f9e50234c80                  Options.bottommost_compression_opts.level: 32767
2022/07/29-22:35:08.336914 7f9e50234c80               Options.bottommost_compression_opts.strategy: 0
2022/07/29-22:35:08.336914 7f9e50234c80         Options.bottommost_compression_opts.max_dict_bytes: 0
2022/07/29-22:35:08.336932 7f9e50234c80         Options.bottommost_compression_opts.zstd_max_train_bytes: 0
2022/07/29-22:35:08.336933 7f9e50234c80         Options.bottommost_compression_opts.parallel_threads: 1
2022/07/29-22:35:08.336934 7f9e50234c80                  Options.bottommost_compression_opts.enabled: false
2022/07/29-22:35:08.336934 7f9e50234c80            Options.compression_opts.window_bits: -14
2022/07/29-22:35:08.336935 7f9e50234c80                  Options.compression_opts.level: 32767
2022/07/29-22:35:08.336936 7f9e50234c80               Options.compression_opts.strategy: 0
2022/07/29-22:35:08.336936 7f9e50234c80         Options.compression_opts.max_dict_bytes: 0
2022/07/29-22:35:08.336937 7f9e50234c80         Options.compression_opts.zstd_max_train_bytes: 0
2022/07/29-22:35:08.336937 7f9e50234c80         Options.compression_opts.parallel_threads: 1
2022/07/29-22:35:08.336938 7f9e50234c80                  Options.compression_opts.enabled: false
2022/07/29-22:35:08.336938 7f9e50234c80      Options.level0_file_num_compaction_trigger: 4
2022/07/29-22:35:08.336939 7f9e50234c80          Options.level0_slowdown_writes_trigger: 20
2022/07/29-22:35:08.336939 7f9e50234c80              Options.level0_stop_writes_trigger: 36
2022/07/29-22:35:08.336940 7f9e50234c80                   Options.target_file_size_base: 67108864
2022/07/29-22:35:08.336940 7f9e50234c80             Options.target_file_size_multiplier: 1
2022/07/29-22:35:08.336941 7f9e50234c80                Options.max_bytes_for_level_base: 268435456
2022/07/29-22:35:08.336941 7f9e50234c80 Options.level_compaction_dynamic_level_bytes: 0
2022/07/29-22:35:08.336942 7f9e50234c80          Options.max_bytes_for_level_multiplier: 10.000000
2022/07/29-22:35:08.336943 7f9e50234c80 Options.max_bytes_for_level_multiplier_addtl[0]: 1
2022/07/29-22:35:08.336944 7f9e50234c80 Options.max_bytes_for_level_multiplier_addtl[1]: 1
2022/07/29-22:35:08.336945 7f9e50234c80 Options.max_bytes_for_level_multiplier_addtl[2]: 1
2022/07/29-22:35:08.336945 7f9e50234c80 Options.max_bytes_for_level_multiplier_addtl[3]: 1
2022/07/29-22:35:08.336946 7f9e50234c80 Options.max_bytes_for_level_multiplier_addtl[4]: 1
2022/07/29-22:35:08.336946 7f9e50234c80 Options.max_bytes_for_level_multiplier_addtl[5]: 1
2022/07/29-22:35:08.336947 7f9e50234c80 Options.max_bytes_for_level_multiplier_addtl[6]: 1
2022/07/29-22:35:08.336947 7f9e50234c80       Options.max_sequential_skip_in_iterations: 8
2022/07/29-22:35:08.336948 7f9e50234c80                    Options.max_compaction_bytes: 1677721600
2022/07/29-22:35:08.336948 7f9e50234c80                        Options.arena_block_size: 8388608
2022/07/29-22:35:08.336949 7f9e50234c80   Options.soft_pending_compaction_bytes_limit: 68719476736
2022/07/29-22:35:08.336949 7f9e50234c80   Options.hard_pending_compaction_bytes_limit: 274877906944
2022/07/29-22:35:08.336950 7f9e50234c80       Options.rate_limit_delay_max_milliseconds: 100
2022/07/29-22:35:08.336950 7f9e50234c80                Options.disable_auto_compactions: 0
2022/07/29-22:35:08.336952 7f9e50234c80                        Options.compaction_style: kCompactionStyleLevel
2022/07/29-22:35:08.336953 7f9e50234c80                          Options.compaction_pri: kMinOverlappingRatio
2022/07/29-22:35:08.336953 7f9e50234c80 Options.compaction_options_universal.size_ratio: 1
2022/07/29-22:35:08.336954 7f9e50234c80 Options.compaction_options_universal.min_merge_width: 2
2022/07/29-22:35:08.336954 7f9e50234c80 Options.compaction_options_universal.max_merge_width: 4294967295
2022/07/29-22:35:08.336955 7f9e50234c80 Options.compaction_options_universal.max_size_amplification_percent: 200
2022/07/29-22:35:08.336956 7f9e50234c80 Options.compaction_options_universal.compression_size_percent: -1
2022/07/29-22:35:08.336956 7f9e50234c80 Options.compaction_options_universal.stop_style: kCompactionStopStyleTotalSize
2022/07/29-22:35:08.336957 7f9e50234c80 Options.compaction_options_fifo.max_table_files_size: 1073741824
2022/07/29-22:35:08.336957 7f9e50234c80 Options.compaction_options_fifo.allow_compaction: 0
2022/07/29-22:35:08.336963 7f9e50234c80                   Options.table_properties_collectors: 
2022/07/29-22:35:08.336967 7f9e50234c80                   Options.inplace_update_support: 0
2022/07/29-22:35:08.336968 7f9e50234c80                 Options.inplace_update_num_locks: 10000
2022/07/29-22:35:08.336969 7f9e50234c80               Options.memtable_prefix_bloom_size_ratio: 0.000000
2022/07/29-22:35:08.336969 7f9e50234c80               Options.memtable_whole_key_filtering: 0
2022/07/29-22:35:08.336970 7f9e50234c80   Options.memtable_huge_page_size: 0
2022/07/29-22:35:08.336970 7f9e50234c80                           Options.bloom_locality: 0
2022/07/29-22:35:08.336971 7f9e50234c80                    Options.max_successive_merges: 0
2022/07/29-22:35:08.336971 7f9e50234c80                Options.optimize_filters_for_hits: 0
2022/07/29-22:35:08.336972 7f9e50234c80                Options.paranoid_file_checks: 0
2022/07/29-22:35:08.336972 7f9e50234c80                Options.force_consistency_checks: 1
2022/07/29-22:35:08.336973 7f9e50234c80                Options.report_bg_io_stats: 0
2022/07/29-22:35:08.336974 7f9e50234c80                               Options.ttl: 2592000
2022/07/29-22:35:08.336974 7f9e50234c80          Options.periodic_compaction_seconds: 0
2022/07/29-22:35:08.336975 7f9e50234c80                    Options.enable_blob_files: false
2022/07/29-22:35:08.336975 7f9e50234c80                        Options.min_blob_size: 0
2022/07/29-22:35:08.336976 7f9e50234c80                       Options.blob_file_size: 268435456
2022/07/29-22:35:08.336976 7f9e50234c80                Options.blob_compression_type: NoCompression
2022/07/29-22:35:08.336977 7f9e50234c80       Options.enable_blob_garbage_collection: false
2022/07/29-22:35:08.336977 7f9e50234c80   Options.blob_garbage_collection_age_cutoff: 0.250000
2022/07/29-22:35:08.337704 7f9e50234c80 [db/version_set.cc:4798] Recovered from manifest file:/home/giangnkt/code/testGiang/vue-project/.dfx/state/replicated_state/node-100/ic_consensus_pool/certification/MANIFEST-000001 succeeded,manifest_file_number is 1, next_file_number is 3, last_sequence is 0, log_number is 0,prev_log_number is 0,max_column_family is 0,min_log_number_to_keep is 0
2022/07/29-22:35:08.337718 7f9e50234c80 [db/version_set.cc:4813] Column family [default] (ID 0), log number is 0
2022/07/29-22:35:08.337764 7f9e50234c80 [db/version_set.cc:4112] Creating manifest 3
2022/07/29-22:35:08.345766 7f9e50234c80 [db/column_family.cc:595] --------------- Options for column family [CE]:
2022/07/29-22:35:08.345771 7f9e50234c80               Options.comparator: leveldb.BytewiseComparator
2022/07/29-22:35:08.345772 7f9e50234c80           Options.merge_operator: None
2022/07/29-22:35:08.345774 7f9e50234c80        Options.compaction_filter: filter_outdated
2022/07/29-22:35:08.345775 7f9e50234c80        Options.compaction_filter_factory: None
2022/07/29-22:35:08.345775 7f9e50234c80  Options.sst_partitioner_factory: None
2022/07/29-22:35:08.345776 7f9e50234c80         Options.memtable_factory: SkipListFactory
2022/07/29-22:35:08.345776 7f9e50234c80            Options.table_factory: BlockBasedTable
2022/07/29-22:35:08.345796 7f9e50234c80            table_factory options:   flush_block_policy_factory: FlushBlockBySizePolicyFactory (0x56510fcfe710)
  cache_index_and_filter_blocks: 0
  cache_index_and_filter_blocks_with_high_priority: 1
  pin_l0_filter_and_index_blocks_in_cache: 0
  pin_top_level_index_and_filter: 1
  index_type: 0
  data_block_index_type: 0
  index_shortening: 1
  data_block_hash_table_util_ratio: 0.750000
  hash_index_allow_collision: 1
  checksum: 1
  no_block_cache: 0
  block_cache: 0x56510fcf9d00
  block_cache_name: LRUCache
  block_cache_options:
    capacity : 8388608
    num_shard_bits : 4
    strict_capacity_limit : 0
    memory_allocator : None
    high_pri_pool_ratio: 0.000
  block_cache_compressed: (nil)
  persistent_cache: (nil)
  block_size: 4096
  block_size_deviation: 10
  block_restart_interval: 16
  index_block_restart_interval: 1
  metadata_block_size: 4096
  partition_filters: 0
  use_delta_encoding: 1
  filter_policy: nullptr
  whole_key_filtering: 1
  verify_compression: 0
  read_amp_bytes_per_bit: 0
  format_version: 4
  enable_index_compression: 1
  block_align: 0
2022/07/29-22:35:08.345797 7f9e50234c80        Options.write_buffer_size: 67108864
2022/07/29-22:35:08.345797 7f9e50234c80  Options.max_write_buffer_number: 2
2022/07/29-22:35:08.345798 7f9e50234c80          Options.compression: NoCompression
2022/07/29-22:35:08.345798 7f9e50234c80                  Options.bottommost_compression: Disabled
2022/07/29-22:35:08.345799 7f9e50234c80       Options.prefix_extractor: nullptr
2022/07/29-22:35:08.345800 7f9e50234c80   Options.memtable_insert_with_hint_prefix_extractor: nullptr
2022/07/29-22:35:08.345800 7f9e50234c80             Options.num_levels: 7
2022/07/29-22:35:08.345801 7f9e50234c80        Options.min_write_buffer_number_to_merge: 1
2022/07/29-22:35:08.345801 7f9e50234c80     Options.max_write_buffer_number_to_maintain: 0
2022/07/29-22:35:08.345802 7f9e50234c80     Options.max_write_buffer_size_to_maintain: 0
2022/07/29-22:35:08.345802 7f9e50234c80            Options.bottommost_compression_opts.window_bits: -14
2022/07/29-22:35:08.345803 7f9e50234c80                  Options.bottommost_compression_opts.level: 32767
2022/07/29-22:35:08.345803 7f9e50234c80               Options.bottommost_compression_opts.strategy: 0
2022/07/29-22:35:08.345804 7f9e50234c80         Options.bottommost_compression_opts.max_dict_bytes: 0
2022/07/29-22:35:08.345804 7f9e50234c80         Options.bottommost_compression_opts.zstd_max_train_bytes: 0
2022/07/29-22:35:08.345805 7f9e50234c80         Options.bottommost_compression_opts.parallel_threads: 1
2022/07/29-22:35:08.345806 7f9e50234c80                  Options.bottommost_compression_opts.enabled: false
2022/07/29-22:35:08.345806 7f9e50234c80            Options.compression_opts.window_bits: -14
2022/07/29-22:35:08.345807 7f9e50234c80                  Options.compression_opts.level: 32767
2022/07/29-22:35:08.345807 7f9e50234c80               Options.compression_opts.strategy: 0
2022/07/29-22:35:08.345808 7f9e50234c80         Options.compression_opts.max_dict_bytes: 0
2022/07/29-22:35:08.345808 7f9e50234c80         Options.compression_opts.zstd_max_train_bytes: 0
2022/07/29-22:35:08.345809 7f9e50234c80         Options.compression_opts.parallel_threads: 1
2022/07/29-22:35:08.345809 7f9e50234c80                  Options.compression_opts.enabled: false
2022/07/29-22:35:08.345838 7f9e50234c80      Options.level0_file_num_compaction_trigger: 4
2022/07/29-22:35:08.345840 7f9e50234c80          Options.level0_slowdown_writes_trigger: 20
2022/07/29-22:35:08.345840 7f9e50234c80              Options.level0_stop_writes_trigger: 36
2022/07/29-22:35:08.345841 7f9e50234c80                   Options.target_file_size_base: 67108864
2022/07/29-22:35:08.345842 7f9e50234c80             Options.target_file_size_multiplier: 1
2022/07/29-22:35:08.345842 7f9e50234c80                Options.max_bytes_for_level_base: 268435456
2022/07/29-22:35:08.345843 7f9e50234c80 Options.level_compaction_dynamic_level_bytes: 0
2022/07/29-22:35:08.345843 7f9e50234c80          Options.max_bytes_for_level_multiplier: 10.000000
2022/07/29-22:35:08.345845 7f9e50234c80 Options.max_bytes_for_level_multiplier_addtl[0]: 1
2022/07/29-22:35:08.345846 7f9e50234c80 Options.max_bytes_for_level_multiplier_addtl[1]: 1
2022/07/29-22:35:08.345847 7f9e50234c80 Options.max_bytes_for_level_multiplier_addtl[2]: 1
2022/07/29-22:35:08.345847 7f9e50234c80 Options.max_bytes_for_level_multiplier_addtl[3]: 1
2022/07/29-22:35:08.345848 7f9e50234c80 Options.max_bytes_for_level_multiplier_addtl[4]: 1
2022/07/29-22:35:08.345848 7f9e50234c80 Options.max_bytes_for_level_multiplier_addtl[5]: 1
2022/07/29-22:35:08.345849 7f9e50234c80 Options.max_bytes_for_level_multiplier_addtl[6]: 1
2022/07/29-22:35:08.345849 7f9e50234c80       Options.max_sequential_skip_in_iterations: 8
2022/07/29-22:35:08.345850 7f9e50234c80                    Options.max_compaction_bytes: 1677721600
2022/07/29-22:35:08.345850 7f9e50234c80                        Options.arena_block_size: 8388608
2022/07/29-22:35:08.345851 7f9e50234c80   Options.soft_pending_compaction_bytes_limit: 68719476736
2022/07/29-22:35:08.345851 7f9e50234c80   Options.hard_pending_compaction_bytes_limit: 274877906944
2022/07/29-22:35:08.345852 7f9e50234c80       Options.rate_limit_delay_max_milliseconds: 100
2022/07/29-22:35:08.345852 7f9e50234c80                Options.disable_auto_compactions: 1
2022/07/29-22:35:08.345854 7f9e50234c80                        Options.compaction_style: kCompactionStyleLevel
2022/07/29-22:35:08.345855 7f9e50234c80                          Options.compaction_pri: kMinOverlappingRatio
2022/07/29-22:35:08.345856 7f9e50234c80 Options.compaction_options_universal.size_ratio: 1
2022/07/29-22:35:08.345856 7f9e50234c80 Options.compaction_options_universal.min_merge_width: 2
2022/07/29-22:35:08.345857 7f9e50234c80 Options.compaction_options_universal.max_merge_width: 4294967295
2022/07/29-22:35:08.345857 7f9e50234c80 Options.compaction_options_universal.max_size_amplification_percent: 200
2022/07/29-22:35:08.345858 7f9e50234c80 Options.compaction_options_universal.compression_size_percent: -1
2022/07/29-22:35:08.345858 7f9e50234c80 Options.compaction_options_universal.stop_style: kCompactionStopStyleTotalSize
2022/07/29-22:35:08.345859 7f9e50234c80 Options.compaction_options_fifo.max_table_files_size: 1073741824
2022/07/29-22:35:08.345860 7f9e50234c80 Options.compaction_options_fifo.allow_compaction: 0
2022/07/29-22:35:08.345865 7f9e50234c80                   Options.table_properties_collectors: 
2022/07/29-22:35:08.345866 7f9e50234c80                   Options.inplace_update_support: 0
2022/07/29-22:35:08.345866 7f9e50234c80                 Options.inplace_update_num_locks: 10000
2022/07/29-22:35:08.345867 7f9e50234c80               Options.memtable_prefix_bloom_size_ratio: 0.000000
2022/07/29-22:35:08.345867 7f9e50234c80               Options.memtable_whole_key_filtering: 0
2022/07/29-22:35:08.345868 7f9e50234c80   Options.memtable_huge_page_size: 0
2022/07/29-22:35:08.345868 7f9e50234c80                           Options.bloom_locality: 0
2022/07/29-22:35:08.345869 7f9e50234c80                    Options.max_successive_merges: 0
2022/07/29-22:35:08.345870 7f9e50234c80                Options.optimize_filters_for_hits: 0
2022/07/29-22:35:08.345870 7f9e50234c80                Options.paranoid_file_checks: 0
2022/07/29-22:35:08.345871 7f9e50234c80                Options.force_consistency_checks: 1
2022/07/29-22:35:08.345879 7f9e50234c80                Options.report_bg_io_stats: 0
2022/07/29-22:35:08.345880 7f9e50234c80                               Options.ttl: 2592000
2022/07/29-22:35:08.345880 7f9e50234c80          Options.periodic_compaction_seconds: 2592000
2022/07/29-22:35:08.345881 7f9e50234c80                    Options.enable_blob_files: false
2022/07/29-22:35:08.345881 7f9e50234c80                        Options.min_blob_size: 0
2022/07/29-22:35:08.345882 7f9e50234c80                       Options.blob_file_size: 268435456
2022/07/29-22:35:08.345882 7f9e50234c80                Options.blob_compression_type: NoCompression
2022/07/29-22:35:08.345883 7f9e50234c80       Options.enable_blob_garbage_collection: false
2022/07/29-22:35:08.345883 7f9e50234c80   Options.blob_garbage_collection_age_cutoff: 0.250000
2022/07/29-22:35:08.345902 7f9e50234c80 [db/db_impl/db_impl.cc:2654] Created column family [CE] (ID 1)
2022/07/29-22:35:08.348598 7f9e50234c80 [db/column_family.cc:595] --------------- Options for column family [CES]:
2022/07/29-22:35:08.348601 7f9e50234c80               Options.comparator: leveldb.BytewiseComparator
2022/07/29-22:35:08.348602 7f9e50234c80           Options.merge_operator: None
2022/07/29-22:35:08.348603 7f9e50234c80        Options.compaction_filter: filter_outdated
2022/07/29-22:35:08.348604 7f9e50234c80        Options.compaction_filter_factory: None
2022/07/29-22:35:08.348605 7f9e50234c80  Options.sst_partitioner_factory: None
2022/07/29-22:35:08.348605 7f9e50234c80         Options.memtable_factory: SkipListFactory
2022/07/29-22:35:08.348606 7f9e50234c80            Options.table_factory: BlockBasedTable
2022/07/29-22:35:08.348622 7f9e50234c80            table_factory options:   flush_block_policy_factory: FlushBlockBySizePolicyFactory (0x56510fc20ab0)
  cache_index_and_filter_blocks: 0
  cache_index_and_filter_blocks_with_high_priority: 1
  pin_l0_filter_and_index_blocks_in_cache: 0
  pin_top_level_index_and_filter: 1
  index_type: 0
  data_block_index_type: 0
  index_shortening: 1
  data_block_hash_table_util_ratio: 0.750000
  hash_index_allow_collision: 1
  checksum: 1
  no_block_cache: 0
  block_cache: 0x56510fd4b620
  block_cache_name: LRUCache
  block_cache_options:
    capacity : 8388608
    num_shard_bits : 4
    strict_capacity_limit : 0
    memory_allocator : None
    high_pri_pool_ratio: 0.000
  block_cache_compressed: (nil)
  persistent_cache: (nil)
  block_size: 4096
  block_size_deviation: 10
  block_restart_interval: 16
  index_block_restart_interval: 1
  metadata_block_size: 4096
  partition_filters: 0
  use_delta_encoding: 1
  filter_policy: nullptr
  whole_key_filtering: 1
  verify_compression: 0
  read_amp_bytes_per_bit: 0
  format_version: 4
  enable_index_compression: 1
  block_align: 0
2022/07/29-22:35:08.348623 7f9e50234c80        Options.write_buffer_size: 67108864
2022/07/29-22:35:08.348624 7f9e50234c80  Options.max_write_buffer_number: 2
2022/07/29-22:35:08.348624 7f9e50234c80          Options.compression: NoCompression
2022/07/29-22:35:08.348625 7f9e50234c80                  Options.bottommost_compression: Disabled
2022/07/29-22:35:08.348625 7f9e50234c80       Options.prefix_extractor: nullptr
2022/07/29-22:35:08.348626 7f9e50234c80   Options.memtable_insert_with_hint_prefix_extractor: nullptr
2022/07/29-22:35:08.348626 7f9e50234c80             Options.num_levels: 7
2022/07/29-22:35:08.348627 7f9e50234c80        Options.min_write_buffer_number_to_merge: 1
2022/07/29-22:35:08.348627 7f9e50234c80     Options.max_write_buffer_number_to_maintain: 0
2022/07/29-22:35:08.348628 7f9e50234c80     Options.max_write_buffer_size_to_maintain: 0
2022/07/29-22:35:08.348628 7f9e50234c80            Options.bottommost_compression_opts.window_bits: -14
2022/07/29-22:35:08.348629 7f9e50234c80                  Options.bottommost_compression_opts.level: 32767
2022/07/29-22:35:08.348629 7f9e50234c80               Options.bottommost_compression_opts.strategy: 0
2022/07/29-22:35:08.348630 7f9e50234c80         Options.bottommost_compression_opts.max_dict_bytes: 0
2022/07/29-22:35:08.348630 7f9e50234c80         Options.bottommost_compression_opts.zstd_max_train_bytes: 0
2022/07/29-22:35:08.348631 7f9e50234c80         Options.bottommost_compression_opts.parallel_threads: 1
2022/07/29-22:35:08.348632 7f9e50234c80                  Options.bottommost_compression_opts.enabled: false
2022/07/29-22:35:08.348632 7f9e50234c80            Options.compression_opts.window_bits: -14
2022/07/29-22:35:08.348633 7f9e50234c80                  Options.compression_opts.level: 32767
2022/07/29-22:35:08.348633 7f9e50234c80               Options.compression_opts.strategy: 0
2022/07/29-22:35:08.348634 7f9e50234c80         Options.compression_opts.max_dict_bytes: 0
2022/07/29-22:35:08.348634 7f9e50234c80         Options.compression_opts.zstd_max_train_bytes: 0
2022/07/29-22:35:08.348635 7f9e50234c80         Options.compression_opts.parallel_threads: 1
2022/07/29-22:35:08.348635 7f9e50234c80                  Options.compression_opts.enabled: false
2022/07/29-22:35:08.348642 7f9e50234c80      Options.level0_file_num_compaction_trigger: 4
2022/07/29-22:35:08.348643 7f9e50234c80          Options.level0_slowdown_writes_trigger: 20
2022/07/29-22:35:08.348643 7f9e50234c80              Options.level0_stop_writes_trigger: 36
2022/07/29-22:35:08.348652 7f9e50234c80                   Options.target_file_size_base: 67108864
2022/07/29-22:35:08.348654 7f9e50234c80             Options.target_file_size_multiplier: 1
2022/07/29-22:35:08.348655 7f9e50234c80                Options.max_bytes_for_level_base: 268435456
2022/07/29-22:35:08.348655 7f9e50234c80 Options.level_compaction_dynamic_level_bytes: 0
2022/07/29-22:35:08.348656 7f9e50234c80          Options.max_bytes_for_level_multiplier: 10.000000
2022/07/29-22:35:08.348658 7f9e50234c80 Options.max_bytes_for_level_multiplier_addtl[0]: 1
2022/07/29-22:35:08.348658 7f9e50234c80 Options.max_bytes_for_level_multiplier_addtl[1]: 1
2022/07/29-22:35:08.348659 7f9e50234c80 Options.max_bytes_for_level_multiplier_addtl[2]: 1
2022/07/29-22:35:08.348659 7f9e50234c80 Options.max_bytes_for_level_multiplier_addtl[3]: 1
2022/07/29-22:35:08.348660 7f9e50234c80 Options.max_bytes_for_level_multiplier_addtl[4]: 1
2022/07/29-22:35:08.348661 7f9e50234c80 Options.max_bytes_for_level_multiplier_addtl[5]: 1
2022/07/29-22:35:08.348661 7f9e50234c80 Options.max_bytes_for_level_multiplier_addtl[6]: 1
2022/07/29-22:35:08.348662 7f9e50234c80       Options.max_sequential_skip_in_iterations: 8
2022/07/29-22:35:08.348662 7f9e50234c80                    Options.max_compaction_bytes: 1677721600
2022/07/29-22:35:08.348663 7f9e50234c80                        Options.arena_block_size: 8388608
2022/07/29-22:35:08.348663 7f9e50234c80   Options.soft_pending_compaction_bytes_limit: 68719476736
2022/07/29-22:35:08.348664 7f9e50234c80   Options.hard_pending_compaction_bytes_limit: 274877906944
2022/07/29-22:35:08.348664 7f9e50234c80       Options.rate_limit_delay_max_milliseconds: 100
2022/07/29-22:35:08.348665 7f9e50234c80                Options.disable_auto_compactions: 1
2022/07/29-22:35:08.348666 7f9e50234c80                        Options.compaction_style: kCompactionStyleLevel
2022/07/29-22:35:08.348667 7f9e50234c80                          Options.compaction_pri: kMinOverlappingRatio
2022/07/29-22:35:08.348668 7f9e50234c80 Options.compaction_options_universal.size_ratio: 1
2022/07/29-22:35:08.348668 7f9e50234c80 Options.compaction_options_universal.min_merge_width: 2
2022/07/29-22:35:08.348669 7f9e50234c80 Options.compaction_options_universal.max_merge_width: 4294967295
2022/07/29-22:35:08.348669 7f9e50234c80 Options.compaction_options_universal.max_size_amplification_percent: 200
2022/07/29-22:35:08.348670 7f9e50234c80 Options.compaction_options_universal.compression_size_percent: -1
2022/07/29-22:35:08.348670 7f9e50234c80 Options.compaction_options_universal.stop_style: kCompactionStopStyleTotalSize
2022/07/29-22:35:08.348671 7f9e50234c80 Options.compaction_options_fifo.max_table_files_size: 1073741824
2022/07/29-22:35:08.348671 7f9e50234c80 Options.compaction_options_fifo.allow_compaction: 0
2022/07/29-22:35:08.348674 7f9e50234c80                   Options.table_properties_collectors: 
2022/07/29-22:35:08.348675 7f9e50234c80                   Options.inplace_update_support: 0
2022/07/29-22:35:08.348675 7f9e50234c80                 Options.inplace_update_num_locks: 10000
2022/07/29-22:35:08.348676 7f9e50234c80               Options.memtable_prefix_bloom_size_ratio: 0.000000
2022/07/29-22:35:08.348677 7f9e50234c80               Options.memtable_whole_key_filtering: 0
2022/07/29-22:35:08.348677 7f9e50234c80   Options.memtable_huge_page_size: 0
2022/07/29-22:35:08.348678 7f9e50234c80                           Options.bloom_locality: 0
2022/07/29-22:35:08.348678 7f9e50234c80                    Options.max_successive_merges: 0
2022/07/29-22:35:08.348679 7f9e50234c80                Options.optimize_filters_for_hits: 0
2022/07/29-22:35:08.348679 7f9e50234c80                Options.paranoid_file_checks: 0
2022/07/29-22:35:08.348680 7f9e50234c80                Options.force_consistency_checks: 1
2022/07/29-22:35:08.348688 7f9e50234c80                Options.report_bg_io_stats: 0
2022/07/29-22:35:08.348688 7f9e50234c80                               Options.ttl: 2592000
2022/07/29-22:35:08.348689 7f9e50234c80          Options.periodic_compaction_seconds: 2592000
2022/07/29-22:35:08.348689 7f9e50234c80                    Options.enable_blob_files: false
2022/07/29-22:35:08.348690 7f9e50234c80                        Options.min_blob_size: 0
2022/07/29-22:35:08.348690 7f9e50234c80                       Options.blob_file_size: 268435456
2022/07/29-22:35:08.348691 7f9e50234c80                Options.blob_compression_type: NoCompression
2022/07/29-22:35:08.348692 7f9e50234c80       Options.enable_blob_garbage_collection: false
2022/07/29-22:35:08.348692 7f9e50234c80   Options.blob_garbage_collection_age_cutoff: 0.250000
2022/07/29-22:35:08.348716 7f9e50234c80 [db/db_impl/db_impl.cc:2654] Created column family [CES] (ID 2)
2022/07/29-22:35:08.353466 7f9e50234c80 [db/db_impl/db_impl_open.cc:1708] SstFileManager instance 0x56510fd14100
2022/07/29-22:35:08.353483 7f9e50234c80 DB pointer 0x56510fd4fbb0
2022/07/29-22:35:11.353761 7f9dd9ffb700 [db/db_impl/db_impl.cc:927] ------- DUMPING STATS -------
2022/07/29-22:35:11.353794 7f9dd9ffb700 [db/db_impl/db_impl.cc:929] 
** DB Stats **
Uptime(secs): 3.0 total, 3.0 interval
Cumulative writes: 10 writes, 10 keys, 10 commit groups, 0.9 writes per commit group, ingest: 0.00 GB, 0.00 MB/s
Cumulative WAL: 10 writes, 0 syncs, 10.00 writes per sync, written: 0.00 GB, 0.00 MB/s
Cumulative stall: 00:00:0.000 H:M:S, 0.0 percent
Interval writes: 10 writes, 10 keys, 10 commit groups, 0.9 writes per commit group, ingest: 0.00 MB, 0.00 MB/s
Interval WAL: 10 writes, 0 syncs, 10.00 writes per sync, written: 0.00 MB, 0.00 MB/s
Interval stall: 00:00:0.000 H:M:S, 0.0 percent

** Compaction Stats [default] **
Level    Files   Size     Score Read(GB)  Rn(GB) Rnp1(GB) Write(GB) Wnew(GB) Moved(GB) W-Amp Rd(MB/s) Wr(MB/s) Comp(sec) CompMergeCPU(sec) Comp(cnt) Avg(sec) KeyIn KeyDrop
----------------------------------------------------------------------------------------------------------------------------------------------------------------------------
 Sum      0/0    0.00 KB   0.0      0.0     0.0      0.0       0.0      0.0       0.0   0.0      0.0      0.0      0.00              0.00         0    0.000       0      0
 Int      0/0    0.00 KB   0.0      0.0     0.0      0.0       0.0      0.0       0.0   0.0      0.0      0.0      0.00              0.00         0    0.000       0      0

** Compaction Stats [default] **
Priority    Files   Size     Score Read(GB)  Rn(GB) Rnp1(GB) Write(GB) Wnew(GB) Moved(GB) W-Amp Rd(MB/s) Wr(MB/s) Comp(sec) CompMergeCPU(sec) Comp(cnt) Avg(sec) KeyIn KeyDrop
-------------------------------------------------------------------------------------------------------------------------------------------------------------------------------
Uptime(secs): 3.0 total, 3.0 interval
Flush(GB): cumulative 0.000, interval 0.000
AddFile(GB): cumulative 0.000, interval 0.000
AddFile(Total Files): cumulative 0, interval 0
AddFile(L0 Files): cumulative 0, interval 0
AddFile(Keys): cumulative 0, interval 0
Cumulative compaction: 0.00 GB write, 0.00 MB/s write, 0.00 GB read, 0.00 MB/s read, 0.0 seconds
Interval compaction: 0.00 GB write, 0.00 MB/s write, 0.00 GB read, 0.00 MB/s read, 0.0 seconds
Stalls(count): 0 level0_slowdown, 0 level0_slowdown_with_compaction, 0 level0_numfiles, 0 level0_numfiles_with_compaction, 0 stop for pending_compaction_bytes, 0 slowdown for pending_compaction_bytes, 0 memtable_compaction, 0 memtable_slowdown, interval 0 total count

** File Read Latency Histogram By Level [default] **

