2022/07/29-11:07:54.235758 7fd891143c80 RocksDB version: 6.17.0
2022/07/29-11:07:54.235835 7fd891143c80 Git sha 0
2022/07/29-11:07:54.235858 7fd891143c80 DB SUMMARY
2022/07/29-11:07:54.235859 7fd891143c80 DB Session ID:  0BOWR5ERPH3NGW73P69U
2022/07/29-11:07:54.235877 7fd891143c80 CURRENT file:  CURRENT
2022/07/29-11:07:54.235877 7fd891143c80 IDENTITY file:  IDENTITY
2022/07/29-11:07:54.235879 7fd891143c80 MANIFEST file:  MANIFEST-000047 size: 7669 Bytes
2022/07/29-11:07:54.235880 7fd891143c80 SST files in /home/giangnkt/code/testGiang/vue-project/.dfx/state/replicated_state/node-100/ic_consensus_pool/certification dir, Total Num: 2, files: 000109.sst 000112.sst 
2022/07/29-11:07:54.235892 7fd891143c80 Write Ahead Log file in /home/giangnkt/code/testGiang/vue-project/.dfx/state/replicated_state/node-100/ic_consensus_pool/certification: 000107.log size: 221 ; 000110.log size: 1283385 ; 
2022/07/29-11:07:54.235894 7fd891143c80                         Options.error_if_exists: 0
2022/07/29-11:07:54.235895 7fd891143c80                       Options.create_if_missing: 1
2022/07/29-11:07:54.235896 7fd891143c80                         Options.paranoid_checks: 1
2022/07/29-11:07:54.235896 7fd891143c80                               Options.track_and_verify_wals_in_manifest: 0
2022/07/29-11:07:54.235897 7fd891143c80                                     Options.env: 0x5562e9344940
2022/07/29-11:07:54.235898 7fd891143c80                                      Options.fs: Posix File System
2022/07/29-11:07:54.235898 7fd891143c80                                Options.info_log: 0x55632b437d50
2022/07/29-11:07:54.235899 7fd891143c80                Options.max_file_opening_threads: 16
2022/07/29-11:07:54.235899 7fd891143c80                              Options.statistics: (nil)
2022/07/29-11:07:54.235900 7fd891143c80                               Options.use_fsync: 1
2022/07/29-11:07:54.235901 7fd891143c80                       Options.max_log_file_size: 0
2022/07/29-11:07:54.235901 7fd891143c80                  Options.max_manifest_file_size: 1073741824
2022/07/29-11:07:54.235902 7fd891143c80                   Options.log_file_time_to_roll: 0
2022/07/29-11:07:54.235902 7fd891143c80                       Options.keep_log_file_num: 1000
2022/07/29-11:07:54.235903 7fd891143c80                    Options.recycle_log_file_num: 0
2022/07/29-11:07:54.235903 7fd891143c80                         Options.allow_fallocate: 1
2022/07/29-11:07:54.235904 7fd891143c80                        Options.allow_mmap_reads: 0
2022/07/29-11:07:54.235904 7fd891143c80                       Options.allow_mmap_writes: 0
2022/07/29-11:07:54.235905 7fd891143c80                        Options.use_direct_reads: 0
2022/07/29-11:07:54.235905 7fd891143c80                        Options.use_direct_io_for_flush_and_compaction: 0
2022/07/29-11:07:54.235906 7fd891143c80          Options.create_missing_column_families: 1
2022/07/29-11:07:54.235906 7fd891143c80                              Options.db_log_dir: 
2022/07/29-11:07:54.235907 7fd891143c80                                 Options.wal_dir: /home/giangnkt/code/testGiang/vue-project/.dfx/state/replicated_state/node-100/ic_consensus_pool/certification
2022/07/29-11:07:54.235907 7fd891143c80                Options.table_cache_numshardbits: 6
2022/07/29-11:07:54.235908 7fd891143c80                         Options.WAL_ttl_seconds: 0
2022/07/29-11:07:54.235909 7fd891143c80                       Options.WAL_size_limit_MB: 0
2022/07/29-11:07:54.235909 7fd891143c80                        Options.max_write_batch_group_size_bytes: 1048576
2022/07/29-11:07:54.235910 7fd891143c80             Options.manifest_preallocation_size: 4194304
2022/07/29-11:07:54.235910 7fd891143c80                     Options.is_fd_close_on_exec: 1
2022/07/29-11:07:54.235911 7fd891143c80                   Options.advise_random_on_open: 1
2022/07/29-11:07:54.235911 7fd891143c80                    Options.db_write_buffer_size: 0
2022/07/29-11:07:54.235912 7fd891143c80                    Options.write_buffer_manager: 0x55632b409730
2022/07/29-11:07:54.235912 7fd891143c80         Options.access_hint_on_compaction_start: 1
2022/07/29-11:07:54.235913 7fd891143c80  Options.new_table_reader_for_compaction_inputs: 0
2022/07/29-11:07:54.235935 7fd891143c80           Options.random_access_max_buffer_size: 1048576
2022/07/29-11:07:54.235937 7fd891143c80                      Options.use_adaptive_mutex: 0
2022/07/29-11:07:54.235938 7fd891143c80                            Options.rate_limiter: (nil)
2022/07/29-11:07:54.235939 7fd891143c80     Options.sst_file_manager.rate_bytes_per_sec: 0
2022/07/29-11:07:54.235940 7fd891143c80                       Options.wal_recovery_mode: 2
2022/07/29-11:07:54.235940 7fd891143c80                  Options.enable_thread_tracking: 0
2022/07/29-11:07:54.235941 7fd891143c80                  Options.enable_pipelined_write: 0
2022/07/29-11:07:54.235941 7fd891143c80                  Options.unordered_write: 0
2022/07/29-11:07:54.235942 7fd891143c80         Options.allow_concurrent_memtable_write: 1
2022/07/29-11:07:54.235942 7fd891143c80      Options.enable_write_thread_adaptive_yield: 1
2022/07/29-11:07:54.235943 7fd891143c80             Options.write_thread_max_yield_usec: 100
2022/07/29-11:07:54.235943 7fd891143c80            Options.write_thread_slow_yield_usec: 3
2022/07/29-11:07:54.235944 7fd891143c80                               Options.row_cache: None
2022/07/29-11:07:54.235944 7fd891143c80                              Options.wal_filter: None
2022/07/29-11:07:54.235945 7fd891143c80             Options.avoid_flush_during_recovery: 0
2022/07/29-11:07:54.235946 7fd891143c80             Options.allow_ingest_behind: 0
2022/07/29-11:07:54.235946 7fd891143c80             Options.preserve_deletes: 0
2022/07/29-11:07:54.235947 7fd891143c80             Options.two_write_queues: 0
2022/07/29-11:07:54.235947 7fd891143c80             Options.manual_wal_flush: 0
2022/07/29-11:07:54.235948 7fd891143c80             Options.atomic_flush: 0
2022/07/29-11:07:54.235948 7fd891143c80             Options.avoid_unnecessary_blocking_io: 0
2022/07/29-11:07:54.235949 7fd891143c80                 Options.persist_stats_to_disk: 0
2022/07/29-11:07:54.235949 7fd891143c80                 Options.write_dbid_to_manifest: 0
2022/07/29-11:07:54.235950 7fd891143c80                 Options.log_readahead_size: 0
2022/07/29-11:07:54.235950 7fd891143c80                 Options.file_checksum_gen_factory: Unknown
2022/07/29-11:07:54.235951 7fd891143c80                 Options.best_efforts_recovery: 0
2022/07/29-11:07:54.235951 7fd891143c80                Options.max_bgerror_resume_count: 2147483647
2022/07/29-11:07:54.235952 7fd891143c80            Options.bgerror_resume_retry_interval: 1000000
2022/07/29-11:07:54.235952 7fd891143c80             Options.allow_data_in_errors: 0
2022/07/29-11:07:54.235953 7fd891143c80             Options.db_host_id: __hostname__
2022/07/29-11:07:54.235953 7fd891143c80             Options.max_background_jobs: 2
2022/07/29-11:07:54.235954 7fd891143c80             Options.max_background_compactions: -1
2022/07/29-11:07:54.235955 7fd891143c80             Options.max_subcompactions: 1
2022/07/29-11:07:54.235955 7fd891143c80             Options.avoid_flush_during_shutdown: 0
2022/07/29-11:07:54.235956 7fd891143c80           Options.writable_file_max_buffer_size: 1048576
2022/07/29-11:07:54.235956 7fd891143c80             Options.delayed_write_rate : 16777216
2022/07/29-11:07:54.235957 7fd891143c80             Options.max_total_wal_size: 0
2022/07/29-11:07:54.235957 7fd891143c80             Options.delete_obsolete_files_period_micros: 21600000000
2022/07/29-11:07:54.235958 7fd891143c80                   Options.stats_dump_period_sec: 600
2022/07/29-11:07:54.235958 7fd891143c80                 Options.stats_persist_period_sec: 600
2022/07/29-11:07:54.235959 7fd891143c80                 Options.stats_history_buffer_size: 1048576
2022/07/29-11:07:54.235959 7fd891143c80                          Options.max_open_files: -1
2022/07/29-11:07:54.235960 7fd891143c80                          Options.bytes_per_sync: 0
2022/07/29-11:07:54.235960 7fd891143c80                      Options.wal_bytes_per_sync: 0
2022/07/29-11:07:54.235961 7fd891143c80                   Options.strict_bytes_per_sync: 0
2022/07/29-11:07:54.235981 7fd891143c80       Options.compaction_readahead_size: 0
2022/07/29-11:07:54.235983 7fd891143c80                  Options.max_background_flushes: -1
2022/07/29-11:07:54.235984 7fd891143c80 Compression algorithms supported:
2022/07/29-11:07:54.235985 7fd891143c80 	kZSTDNotFinalCompression supported: 1
2022/07/29-11:07:54.235986 7fd891143c80 	kZSTD supported: 1
2022/07/29-11:07:54.235987 7fd891143c80 	kXpressCompression supported: 0
2022/07/29-11:07:54.235988 7fd891143c80 	kLZ4HCCompression supported: 1
2022/07/29-11:07:54.235988 7fd891143c80 	kLZ4Compression supported: 1
2022/07/29-11:07:54.235989 7fd891143c80 	kBZip2Compression supported: 1
2022/07/29-11:07:54.235989 7fd891143c80 	kZlibCompression supported: 1
2022/07/29-11:07:54.235990 7fd891143c80 	kSnappyCompression supported: 1
2022/07/29-11:07:54.235992 7fd891143c80 Fast CRC32 supported: Supported on x86
2022/07/29-11:07:54.236213 7fd891143c80 [db/version_set.cc:4758] Recovering from manifest file: /home/giangnkt/code/testGiang/vue-project/.dfx/state/replicated_state/node-100/ic_consensus_pool/certification/MANIFEST-000047
2022/07/29-11:07:54.236272 7fd891143c80 [db/column_family.cc:595] --------------- Options for column family [default]:
2022/07/29-11:07:54.236274 7fd891143c80               Options.comparator: leveldb.BytewiseComparator
2022/07/29-11:07:54.236274 7fd891143c80           Options.merge_operator: None
2022/07/29-11:07:54.236275 7fd891143c80        Options.compaction_filter: None
2022/07/29-11:07:54.236276 7fd891143c80        Options.compaction_filter_factory: None
2022/07/29-11:07:54.236276 7fd891143c80  Options.sst_partitioner_factory: None
2022/07/29-11:07:54.236277 7fd891143c80         Options.memtable_factory: SkipListFactory
2022/07/29-11:07:54.236277 7fd891143c80            Options.table_factory: BlockBasedTable
2022/07/29-11:07:54.236289 7fd891143c80            table_factory options:   flush_block_policy_factory: FlushBlockBySizePolicyFactory (0x55632b459de0)
  cache_index_and_filter_blocks: 0
  cache_index_and_filter_blocks_with_high_priority: 1
  pin_l0_filter_and_index_blocks_in_cache: 0
  pin_top_level_index_and_filter: 1
  index_type: 0
  data_block_index_type: 0
  index_shortening: 1
  data_block_hash_table_util_ratio: 0.750000
  hash_index_allow_collision: 1
  checksum: 1
  no_block_cache: 0
  block_cache: 0x55632b3c4080
  block_cache_name: LRUCache
  block_cache_options:
    capacity : 8388608
    num_shard_bits : 4
    strict_capacity_limit : 0
    memory_allocator : None
    high_pri_pool_ratio: 0.000
  block_cache_compressed: (nil)
  persistent_cache: (nil)
  block_size: 4096
  block_size_deviation: 10
  block_restart_interval: 16
  index_block_restart_interval: 1
  metadata_block_size: 4096
  partition_filters: 0
  use_delta_encoding: 1
  filter_policy: nullptr
  whole_key_filtering: 1
  verify_compression: 0
  read_amp_bytes_per_bit: 0
  format_version: 4
  enable_index_compression: 1
  block_align: 0
2022/07/29-11:07:54.236289 7fd891143c80        Options.write_buffer_size: 67108864
2022/07/29-11:07:54.236290 7fd891143c80  Options.max_write_buffer_number: 2
2022/07/29-11:07:54.236291 7fd891143c80          Options.compression: Snappy
2022/07/29-11:07:54.236291 7fd891143c80                  Options.bottommost_compression: Disabled
2022/07/29-11:07:54.236292 7fd891143c80       Options.prefix_extractor: nullptr
2022/07/29-11:07:54.236292 7fd891143c80   Options.memtable_insert_with_hint_prefix_extractor: nullptr
2022/07/29-11:07:54.236293 7fd891143c80             Options.num_levels: 7
2022/07/29-11:07:54.236293 7fd891143c80        Options.min_write_buffer_number_to_merge: 1
2022/07/29-11:07:54.236294 7fd891143c80     Options.max_write_buffer_number_to_maintain: 0
2022/07/29-11:07:54.236294 7fd891143c80     Options.max_write_buffer_size_to_maintain: 0
2022/07/29-11:07:54.236295 7fd891143c80            Options.bottommost_compression_opts.window_bits: -14
2022/07/29-11:07:54.236296 7fd891143c80                  Options.bottommost_compression_opts.level: 32767
2022/07/29-11:07:54.236296 7fd891143c80               Options.bottommost_compression_opts.strategy: 0
2022/07/29-11:07:54.236319 7fd891143c80         Options.bottommost_compression_opts.max_dict_bytes: 0
2022/07/29-11:07:54.236321 7fd891143c80         Options.bottommost_compression_opts.zstd_max_train_bytes: 0
2022/07/29-11:07:54.236322 7fd891143c80         Options.bottommost_compression_opts.parallel_threads: 1
2022/07/29-11:07:54.236323 7fd891143c80                  Options.bottommost_compression_opts.enabled: false
2022/07/29-11:07:54.236323 7fd891143c80            Options.compression_opts.window_bits: -14
2022/07/29-11:07:54.236324 7fd891143c80                  Options.compression_opts.level: 32767
2022/07/29-11:07:54.236325 7fd891143c80               Options.compression_opts.strategy: 0
2022/07/29-11:07:54.236325 7fd891143c80         Options.compression_opts.max_dict_bytes: 0
2022/07/29-11:07:54.236326 7fd891143c80         Options.compression_opts.zstd_max_train_bytes: 0
2022/07/29-11:07:54.236326 7fd891143c80         Options.compression_opts.parallel_threads: 1
2022/07/29-11:07:54.236327 7fd891143c80                  Options.compression_opts.enabled: false
2022/07/29-11:07:54.236327 7fd891143c80      Options.level0_file_num_compaction_trigger: 4
2022/07/29-11:07:54.236328 7fd891143c80          Options.level0_slowdown_writes_trigger: 20
2022/07/29-11:07:54.236328 7fd891143c80              Options.level0_stop_writes_trigger: 36
2022/07/29-11:07:54.236329 7fd891143c80                   Options.target_file_size_base: 67108864
2022/07/29-11:07:54.236329 7fd891143c80             Options.target_file_size_multiplier: 1
2022/07/29-11:07:54.236330 7fd891143c80                Options.max_bytes_for_level_base: 268435456
2022/07/29-11:07:54.236330 7fd891143c80 Options.level_compaction_dynamic_level_bytes: 0
2022/07/29-11:07:54.236331 7fd891143c80          Options.max_bytes_for_level_multiplier: 10.000000
2022/07/29-11:07:54.236332 7fd891143c80 Options.max_bytes_for_level_multiplier_addtl[0]: 1
2022/07/29-11:07:54.236333 7fd891143c80 Options.max_bytes_for_level_multiplier_addtl[1]: 1
2022/07/29-11:07:54.236334 7fd891143c80 Options.max_bytes_for_level_multiplier_addtl[2]: 1
2022/07/29-11:07:54.236334 7fd891143c80 Options.max_bytes_for_level_multiplier_addtl[3]: 1
2022/07/29-11:07:54.236335 7fd891143c80 Options.max_bytes_for_level_multiplier_addtl[4]: 1
2022/07/29-11:07:54.236335 7fd891143c80 Options.max_bytes_for_level_multiplier_addtl[5]: 1
2022/07/29-11:07:54.236336 7fd891143c80 Options.max_bytes_for_level_multiplier_addtl[6]: 1
2022/07/29-11:07:54.236336 7fd891143c80       Options.max_sequential_skip_in_iterations: 8
2022/07/29-11:07:54.236337 7fd891143c80                    Options.max_compaction_bytes: 1677721600
2022/07/29-11:07:54.236337 7fd891143c80                        Options.arena_block_size: 8388608
2022/07/29-11:07:54.236338 7fd891143c80   Options.soft_pending_compaction_bytes_limit: 68719476736
2022/07/29-11:07:54.236339 7fd891143c80   Options.hard_pending_compaction_bytes_limit: 274877906944
2022/07/29-11:07:54.236339 7fd891143c80       Options.rate_limit_delay_max_milliseconds: 100
2022/07/29-11:07:54.236340 7fd891143c80                Options.disable_auto_compactions: 0
2022/07/29-11:07:54.236341 7fd891143c80                        Options.compaction_style: kCompactionStyleLevel
2022/07/29-11:07:54.236341 7fd891143c80                          Options.compaction_pri: kMinOverlappingRatio
2022/07/29-11:07:54.236342 7fd891143c80 Options.compaction_options_universal.size_ratio: 1
2022/07/29-11:07:54.236342 7fd891143c80 Options.compaction_options_universal.min_merge_width: 2
2022/07/29-11:07:54.236343 7fd891143c80 Options.compaction_options_universal.max_merge_width: 4294967295
2022/07/29-11:07:54.236343 7fd891143c80 Options.compaction_options_universal.max_size_amplification_percent: 200
2022/07/29-11:07:54.236344 7fd891143c80 Options.compaction_options_universal.compression_size_percent: -1
2022/07/29-11:07:54.236345 7fd891143c80 Options.compaction_options_universal.stop_style: kCompactionStopStyleTotalSize
2022/07/29-11:07:54.236345 7fd891143c80 Options.compaction_options_fifo.max_table_files_size: 1073741824
2022/07/29-11:07:54.236366 7fd891143c80 Options.compaction_options_fifo.allow_compaction: 0
2022/07/29-11:07:54.236370 7fd891143c80                   Options.table_properties_collectors: 
2022/07/29-11:07:54.236371 7fd891143c80                   Options.inplace_update_support: 0
2022/07/29-11:07:54.236372 7fd891143c80                 Options.inplace_update_num_locks: 10000
2022/07/29-11:07:54.236373 7fd891143c80               Options.memtable_prefix_bloom_size_ratio: 0.000000
2022/07/29-11:07:54.236374 7fd891143c80               Options.memtable_whole_key_filtering: 0
2022/07/29-11:07:54.236375 7fd891143c80   Options.memtable_huge_page_size: 0
2022/07/29-11:07:54.236375 7fd891143c80                           Options.bloom_locality: 0
2022/07/29-11:07:54.236376 7fd891143c80                    Options.max_successive_merges: 0
2022/07/29-11:07:54.236376 7fd891143c80                Options.optimize_filters_for_hits: 0
2022/07/29-11:07:54.236377 7fd891143c80                Options.paranoid_file_checks: 0
2022/07/29-11:07:54.236377 7fd891143c80                Options.force_consistency_checks: 1
2022/07/29-11:07:54.236378 7fd891143c80                Options.report_bg_io_stats: 0
2022/07/29-11:07:54.236378 7fd891143c80                               Options.ttl: 2592000
2022/07/29-11:07:54.236379 7fd891143c80          Options.periodic_compaction_seconds: 0
2022/07/29-11:07:54.236379 7fd891143c80                    Options.enable_blob_files: false
2022/07/29-11:07:54.236380 7fd891143c80                        Options.min_blob_size: 0
2022/07/29-11:07:54.236380 7fd891143c80                       Options.blob_file_size: 268435456
2022/07/29-11:07:54.236381 7fd891143c80                Options.blob_compression_type: NoCompression
2022/07/29-11:07:54.236382 7fd891143c80       Options.enable_blob_garbage_collection: false
2022/07/29-11:07:54.236382 7fd891143c80   Options.blob_garbage_collection_age_cutoff: 0.250000
2022/07/29-11:07:54.236614 7fd891143c80 [db/column_family.cc:595] --------------- Options for column family [CE]:
2022/07/29-11:07:54.236617 7fd891143c80               Options.comparator: leveldb.BytewiseComparator
2022/07/29-11:07:54.236618 7fd891143c80           Options.merge_operator: None
2022/07/29-11:07:54.236619 7fd891143c80        Options.compaction_filter: filter_outdated
2022/07/29-11:07:54.236620 7fd891143c80        Options.compaction_filter_factory: None
2022/07/29-11:07:54.236620 7fd891143c80  Options.sst_partitioner_factory: None
2022/07/29-11:07:54.236621 7fd891143c80         Options.memtable_factory: SkipListFactory
2022/07/29-11:07:54.236621 7fd891143c80            Options.table_factory: BlockBasedTable
2022/07/29-11:07:54.236631 7fd891143c80            table_factory options:   flush_block_policy_factory: FlushBlockBySizePolicyFactory (0x55632b4bf8d0)
  cache_index_and_filter_blocks: 0
  cache_index_and_filter_blocks_with_high_priority: 1
  pin_l0_filter_and_index_blocks_in_cache: 0
  pin_top_level_index_and_filter: 1
  index_type: 0
  data_block_index_type: 0
  index_shortening: 1
  data_block_hash_table_util_ratio: 0.750000
  hash_index_allow_collision: 1
  checksum: 1
  no_block_cache: 0
  block_cache: 0x55632b4a2800
  block_cache_name: LRUCache
  block_cache_options:
    capacity : 8388608
    num_shard_bits : 4
    strict_capacity_limit : 0
    memory_allocator : None
    high_pri_pool_ratio: 0.000
  block_cache_compressed: (nil)
  persistent_cache: (nil)
  block_size: 4096
  block_size_deviation: 10
  block_restart_interval: 16
  index_block_restart_interval: 1
  metadata_block_size: 4096
  partition_filters: 0
  use_delta_encoding: 1
  filter_policy: nullptr
  whole_key_filtering: 1
  verify_compression: 0
  read_amp_bytes_per_bit: 0
  format_version: 4
  enable_index_compression: 1
  block_align: 0
2022/07/29-11:07:54.236632 7fd891143c80        Options.write_buffer_size: 67108864
2022/07/29-11:07:54.236632 7fd891143c80  Options.max_write_buffer_number: 2
2022/07/29-11:07:54.236633 7fd891143c80          Options.compression: NoCompression
2022/07/29-11:07:54.236656 7fd891143c80                  Options.bottommost_compression: Disabled
2022/07/29-11:07:54.236658 7fd891143c80       Options.prefix_extractor: nullptr
2022/07/29-11:07:54.236659 7fd891143c80   Options.memtable_insert_with_hint_prefix_extractor: nullptr
2022/07/29-11:07:54.236660 7fd891143c80             Options.num_levels: 7
2022/07/29-11:07:54.236661 7fd891143c80        Options.min_write_buffer_number_to_merge: 1
2022/07/29-11:07:54.236661 7fd891143c80     Options.max_write_buffer_number_to_maintain: 0
2022/07/29-11:07:54.236662 7fd891143c80     Options.max_write_buffer_size_to_maintain: 0
2022/07/29-11:07:54.236662 7fd891143c80            Options.bottommost_compression_opts.window_bits: -14
2022/07/29-11:07:54.236663 7fd891143c80                  Options.bottommost_compression_opts.level: 32767
2022/07/29-11:07:54.236663 7fd891143c80               Options.bottommost_compression_opts.strategy: 0
2022/07/29-11:07:54.236664 7fd891143c80         Options.bottommost_compression_opts.max_dict_bytes: 0
2022/07/29-11:07:54.236664 7fd891143c80         Options.bottommost_compression_opts.zstd_max_train_bytes: 0
2022/07/29-11:07:54.236665 7fd891143c80         Options.bottommost_compression_opts.parallel_threads: 1
2022/07/29-11:07:54.236665 7fd891143c80                  Options.bottommost_compression_opts.enabled: false
2022/07/29-11:07:54.236666 7fd891143c80            Options.compression_opts.window_bits: -14
2022/07/29-11:07:54.236666 7fd891143c80                  Options.compression_opts.level: 32767
2022/07/29-11:07:54.236667 7fd891143c80               Options.compression_opts.strategy: 0
2022/07/29-11:07:54.236667 7fd891143c80         Options.compression_opts.max_dict_bytes: 0
2022/07/29-11:07:54.236668 7fd891143c80         Options.compression_opts.zstd_max_train_bytes: 0
2022/07/29-11:07:54.236668 7fd891143c80         Options.compression_opts.parallel_threads: 1
2022/07/29-11:07:54.236669 7fd891143c80                  Options.compression_opts.enabled: false
2022/07/29-11:07:54.236669 7fd891143c80      Options.level0_file_num_compaction_trigger: 4
2022/07/29-11:07:54.236670 7fd891143c80          Options.level0_slowdown_writes_trigger: 20
2022/07/29-11:07:54.236670 7fd891143c80              Options.level0_stop_writes_trigger: 36
2022/07/29-11:07:54.236671 7fd891143c80                   Options.target_file_size_base: 67108864
2022/07/29-11:07:54.236672 7fd891143c80             Options.target_file_size_multiplier: 1
2022/07/29-11:07:54.236672 7fd891143c80                Options.max_bytes_for_level_base: 268435456
2022/07/29-11:07:54.236673 7fd891143c80 Options.level_compaction_dynamic_level_bytes: 0
2022/07/29-11:07:54.236673 7fd891143c80          Options.max_bytes_for_level_multiplier: 10.000000
2022/07/29-11:07:54.236675 7fd891143c80 Options.max_bytes_for_level_multiplier_addtl[0]: 1
2022/07/29-11:07:54.236675 7fd891143c80 Options.max_bytes_for_level_multiplier_addtl[1]: 1
2022/07/29-11:07:54.236676 7fd891143c80 Options.max_bytes_for_level_multiplier_addtl[2]: 1
2022/07/29-11:07:54.236676 7fd891143c80 Options.max_bytes_for_level_multiplier_addtl[3]: 1
2022/07/29-11:07:54.236677 7fd891143c80 Options.max_bytes_for_level_multiplier_addtl[4]: 1
2022/07/29-11:07:54.236677 7fd891143c80 Options.max_bytes_for_level_multiplier_addtl[5]: 1
2022/07/29-11:07:54.236678 7fd891143c80 Options.max_bytes_for_level_multiplier_addtl[6]: 1
2022/07/29-11:07:54.236678 7fd891143c80       Options.max_sequential_skip_in_iterations: 8
2022/07/29-11:07:54.236679 7fd891143c80                    Options.max_compaction_bytes: 1677721600
2022/07/29-11:07:54.236679 7fd891143c80                        Options.arena_block_size: 8388608
2022/07/29-11:07:54.236680 7fd891143c80   Options.soft_pending_compaction_bytes_limit: 68719476736
2022/07/29-11:07:54.236680 7fd891143c80   Options.hard_pending_compaction_bytes_limit: 274877906944
2022/07/29-11:07:54.236681 7fd891143c80       Options.rate_limit_delay_max_milliseconds: 100
2022/07/29-11:07:54.236681 7fd891143c80                Options.disable_auto_compactions: 1
2022/07/29-11:07:54.236702 7fd891143c80                        Options.compaction_style: kCompactionStyleLevel
2022/07/29-11:07:54.236704 7fd891143c80                          Options.compaction_pri: kMinOverlappingRatio
2022/07/29-11:07:54.236705 7fd891143c80 Options.compaction_options_universal.size_ratio: 1
2022/07/29-11:07:54.236706 7fd891143c80 Options.compaction_options_universal.min_merge_width: 2
2022/07/29-11:07:54.236707 7fd891143c80 Options.compaction_options_universal.max_merge_width: 4294967295
2022/07/29-11:07:54.236707 7fd891143c80 Options.compaction_options_universal.max_size_amplification_percent: 200
2022/07/29-11:07:54.236708 7fd891143c80 Options.compaction_options_universal.compression_size_percent: -1
2022/07/29-11:07:54.236708 7fd891143c80 Options.compaction_options_universal.stop_style: kCompactionStopStyleTotalSize
2022/07/29-11:07:54.236709 7fd891143c80 Options.compaction_options_fifo.max_table_files_size: 1073741824
2022/07/29-11:07:54.236710 7fd891143c80 Options.compaction_options_fifo.allow_compaction: 0
2022/07/29-11:07:54.236711 7fd891143c80                   Options.table_properties_collectors: 
2022/07/29-11:07:54.236712 7fd891143c80                   Options.inplace_update_support: 0
2022/07/29-11:07:54.236713 7fd891143c80                 Options.inplace_update_num_locks: 10000
2022/07/29-11:07:54.236713 7fd891143c80               Options.memtable_prefix_bloom_size_ratio: 0.000000
2022/07/29-11:07:54.236714 7fd891143c80               Options.memtable_whole_key_filtering: 0
2022/07/29-11:07:54.236715 7fd891143c80   Options.memtable_huge_page_size: 0
2022/07/29-11:07:54.236715 7fd891143c80                           Options.bloom_locality: 0
2022/07/29-11:07:54.236716 7fd891143c80                    Options.max_successive_merges: 0
2022/07/29-11:07:54.236716 7fd891143c80                Options.optimize_filters_for_hits: 0
2022/07/29-11:07:54.236717 7fd891143c80                Options.paranoid_file_checks: 0
2022/07/29-11:07:54.236717 7fd891143c80                Options.force_consistency_checks: 1
2022/07/29-11:07:54.236718 7fd891143c80                Options.report_bg_io_stats: 0
2022/07/29-11:07:54.236718 7fd891143c80                               Options.ttl: 2592000
2022/07/29-11:07:54.236719 7fd891143c80          Options.periodic_compaction_seconds: 2592000
2022/07/29-11:07:54.236719 7fd891143c80                    Options.enable_blob_files: false
2022/07/29-11:07:54.236720 7fd891143c80                        Options.min_blob_size: 0
2022/07/29-11:07:54.236720 7fd891143c80                       Options.blob_file_size: 268435456
2022/07/29-11:07:54.236721 7fd891143c80                Options.blob_compression_type: NoCompression
2022/07/29-11:07:54.236722 7fd891143c80       Options.enable_blob_garbage_collection: false
2022/07/29-11:07:54.236722 7fd891143c80   Options.blob_garbage_collection_age_cutoff: 0.250000
2022/07/29-11:07:54.236742 7fd891143c80 [db/column_family.cc:595] --------------- Options for column family [CES]:
2022/07/29-11:07:54.236743 7fd891143c80               Options.comparator: leveldb.BytewiseComparator
2022/07/29-11:07:54.236744 7fd891143c80           Options.merge_operator: None
2022/07/29-11:07:54.236744 7fd891143c80        Options.compaction_filter: filter_outdated
2022/07/29-11:07:54.236745 7fd891143c80        Options.compaction_filter_factory: None
2022/07/29-11:07:54.236745 7fd891143c80  Options.sst_partitioner_factory: None
2022/07/29-11:07:54.236746 7fd891143c80         Options.memtable_factory: SkipListFactory
2022/07/29-11:07:54.236746 7fd891143c80            Options.table_factory: BlockBasedTable
2022/07/29-11:07:54.236755 7fd891143c80            table_factory options:   flush_block_policy_factory: FlushBlockBySizePolicyFactory (0x55632b4d41c0)
  cache_index_and_filter_blocks: 0
  cache_index_and_filter_blocks_with_high_priority: 1
  pin_l0_filter_and_index_blocks_in_cache: 0
  pin_top_level_index_and_filter: 1
  index_type: 0
  data_block_index_type: 0
  index_shortening: 1
  data_block_hash_table_util_ratio: 0.750000
  hash_index_allow_collision: 1
  checksum: 1
  no_block_cache: 0
  block_cache: 0x55632b437c40
  block_cache_name: LRUCache
  block_cache_options:
    capacity : 8388608
    num_shard_bits : 4
    strict_capacity_limit : 0
    memory_allocator : None
    high_pri_pool_ratio: 0.000
  block_cache_compressed: (nil)
  persistent_cache: (nil)
  block_size: 4096
  block_size_deviation: 10
  block_restart_interval: 16
  index_block_restart_interval: 1
  metadata_block_size: 4096
  partition_filters: 0
  use_delta_encoding: 1
  filter_policy: nullptr
  whole_key_filtering: 1
  verify_compression: 0
  read_amp_bytes_per_bit: 0
  format_version: 4
  enable_index_compression: 1
  block_align: 0
2022/07/29-11:07:54.236777 7fd891143c80        Options.write_buffer_size: 67108864
2022/07/29-11:07:54.236780 7fd891143c80  Options.max_write_buffer_number: 2
2022/07/29-11:07:54.236781 7fd891143c80          Options.compression: NoCompression
2022/07/29-11:07:54.236782 7fd891143c80                  Options.bottommost_compression: Disabled
2022/07/29-11:07:54.236782 7fd891143c80       Options.prefix_extractor: nullptr
2022/07/29-11:07:54.236783 7fd891143c80   Options.memtable_insert_with_hint_prefix_extractor: nullptr
2022/07/29-11:07:54.236783 7fd891143c80             Options.num_levels: 7
2022/07/29-11:07:54.236784 7fd891143c80        Options.min_write_buffer_number_to_merge: 1
2022/07/29-11:07:54.236784 7fd891143c80     Options.max_write_buffer_number_to_maintain: 0
2022/07/29-11:07:54.236785 7fd891143c80     Options.max_write_buffer_size_to_maintain: 0
2022/07/29-11:07:54.236786 7fd891143c80            Options.bottommost_compression_opts.window_bits: -14
2022/07/29-11:07:54.236786 7fd891143c80                  Options.bottommost_compression_opts.level: 32767
2022/07/29-11:07:54.236787 7fd891143c80               Options.bottommost_compression_opts.strategy: 0
2022/07/29-11:07:54.236787 7fd891143c80         Options.bottommost_compression_opts.max_dict_bytes: 0
2022/07/29-11:07:54.236788 7fd891143c80         Options.bottommost_compression_opts.zstd_max_train_bytes: 0
2022/07/29-11:07:54.236788 7fd891143c80         Options.bottommost_compression_opts.parallel_threads: 1
2022/07/29-11:07:54.236789 7fd891143c80                  Options.bottommost_compression_opts.enabled: false
2022/07/29-11:07:54.236789 7fd891143c80            Options.compression_opts.window_bits: -14
2022/07/29-11:07:54.236790 7fd891143c80                  Options.compression_opts.level: 32767
2022/07/29-11:07:54.236790 7fd891143c80               Options.compression_opts.strategy: 0
2022/07/29-11:07:54.236791 7fd891143c80         Options.compression_opts.max_dict_bytes: 0
2022/07/29-11:07:54.236791 7fd891143c80         Options.compression_opts.zstd_max_train_bytes: 0
2022/07/29-11:07:54.236792 7fd891143c80         Options.compression_opts.parallel_threads: 1
2022/07/29-11:07:54.236792 7fd891143c80                  Options.compression_opts.enabled: false
2022/07/29-11:07:54.236793 7fd891143c80      Options.level0_file_num_compaction_trigger: 4
2022/07/29-11:07:54.236793 7fd891143c80          Options.level0_slowdown_writes_trigger: 20
2022/07/29-11:07:54.236794 7fd891143c80              Options.level0_stop_writes_trigger: 36
2022/07/29-11:07:54.236794 7fd891143c80                   Options.target_file_size_base: 67108864
2022/07/29-11:07:54.236795 7fd891143c80             Options.target_file_size_multiplier: 1
2022/07/29-11:07:54.236795 7fd891143c80                Options.max_bytes_for_level_base: 268435456
2022/07/29-11:07:54.236796 7fd891143c80 Options.level_compaction_dynamic_level_bytes: 0
2022/07/29-11:07:54.236796 7fd891143c80          Options.max_bytes_for_level_multiplier: 10.000000
2022/07/29-11:07:54.236798 7fd891143c80 Options.max_bytes_for_level_multiplier_addtl[0]: 1
2022/07/29-11:07:54.236798 7fd891143c80 Options.max_bytes_for_level_multiplier_addtl[1]: 1
2022/07/29-11:07:54.236799 7fd891143c80 Options.max_bytes_for_level_multiplier_addtl[2]: 1
2022/07/29-11:07:54.236799 7fd891143c80 Options.max_bytes_for_level_multiplier_addtl[3]: 1
2022/07/29-11:07:54.236800 7fd891143c80 Options.max_bytes_for_level_multiplier_addtl[4]: 1
2022/07/29-11:07:54.236820 7fd891143c80 Options.max_bytes_for_level_multiplier_addtl[5]: 1
2022/07/29-11:07:54.236822 7fd891143c80 Options.max_bytes_for_level_multiplier_addtl[6]: 1
2022/07/29-11:07:54.236823 7fd891143c80       Options.max_sequential_skip_in_iterations: 8
2022/07/29-11:07:54.236824 7fd891143c80                    Options.max_compaction_bytes: 1677721600
2022/07/29-11:07:54.236825 7fd891143c80                        Options.arena_block_size: 8388608
2022/07/29-11:07:54.236825 7fd891143c80   Options.soft_pending_compaction_bytes_limit: 68719476736
2022/07/29-11:07:54.236826 7fd891143c80   Options.hard_pending_compaction_bytes_limit: 274877906944
2022/07/29-11:07:54.236826 7fd891143c80       Options.rate_limit_delay_max_milliseconds: 100
2022/07/29-11:07:54.236827 7fd891143c80                Options.disable_auto_compactions: 1
2022/07/29-11:07:54.236828 7fd891143c80                        Options.compaction_style: kCompactionStyleLevel
2022/07/29-11:07:54.236828 7fd891143c80                          Options.compaction_pri: kMinOverlappingRatio
2022/07/29-11:07:54.236829 7fd891143c80 Options.compaction_options_universal.size_ratio: 1
2022/07/29-11:07:54.236830 7fd891143c80 Options.compaction_options_universal.min_merge_width: 2
2022/07/29-11:07:54.236830 7fd891143c80 Options.compaction_options_universal.max_merge_width: 4294967295
2022/07/29-11:07:54.236831 7fd891143c80 Options.compaction_options_universal.max_size_amplification_percent: 200
2022/07/29-11:07:54.236831 7fd891143c80 Options.compaction_options_universal.compression_size_percent: -1
2022/07/29-11:07:54.236832 7fd891143c80 Options.compaction_options_universal.stop_style: kCompactionStopStyleTotalSize
2022/07/29-11:07:54.236832 7fd891143c80 Options.compaction_options_fifo.max_table_files_size: 1073741824
2022/07/29-11:07:54.236833 7fd891143c80 Options.compaction_options_fifo.allow_compaction: 0
2022/07/29-11:07:54.236835 7fd891143c80                   Options.table_properties_collectors: 
2022/07/29-11:07:54.236835 7fd891143c80                   Options.inplace_update_support: 0
2022/07/29-11:07:54.236836 7fd891143c80                 Options.inplace_update_num_locks: 10000
2022/07/29-11:07:54.236836 7fd891143c80               Options.memtable_prefix_bloom_size_ratio: 0.000000
2022/07/29-11:07:54.236837 7fd891143c80               Options.memtable_whole_key_filtering: 0
2022/07/29-11:07:54.236838 7fd891143c80   Options.memtable_huge_page_size: 0
2022/07/29-11:07:54.236838 7fd891143c80                           Options.bloom_locality: 0
2022/07/29-11:07:54.236839 7fd891143c80                    Options.max_successive_merges: 0
2022/07/29-11:07:54.236839 7fd891143c80                Options.optimize_filters_for_hits: 0
2022/07/29-11:07:54.236840 7fd891143c80                Options.paranoid_file_checks: 0
2022/07/29-11:07:54.236840 7fd891143c80                Options.force_consistency_checks: 1
2022/07/29-11:07:54.236841 7fd891143c80                Options.report_bg_io_stats: 0
2022/07/29-11:07:54.236841 7fd891143c80                               Options.ttl: 2592000
2022/07/29-11:07:54.236842 7fd891143c80          Options.periodic_compaction_seconds: 2592000
2022/07/29-11:07:54.236842 7fd891143c80                    Options.enable_blob_files: false
2022/07/29-11:07:54.236843 7fd891143c80                        Options.min_blob_size: 0
2022/07/29-11:07:54.236843 7fd891143c80                       Options.blob_file_size: 268435456
2022/07/29-11:07:54.236844 7fd891143c80                Options.blob_compression_type: NoCompression
2022/07/29-11:07:54.236845 7fd891143c80       Options.enable_blob_garbage_collection: false
2022/07/29-11:07:54.236845 7fd891143c80   Options.blob_garbage_collection_age_cutoff: 0.250000
2022/07/29-11:07:54.238669 7fd891143c80 [db/version_set.cc:4798] Recovered from manifest file:/home/giangnkt/code/testGiang/vue-project/.dfx/state/replicated_state/node-100/ic_consensus_pool/certification/MANIFEST-000047 succeeded,manifest_file_number is 47, next_file_number is 114, last_sequence is 146004, log_number is 110,prev_log_number is 0,max_column_family is 2,min_log_number_to_keep is 0
2022/07/29-11:07:54.238697 7fd891143c80 [db/version_set.cc:4813] Column family [default] (ID 0), log number is 44
2022/07/29-11:07:54.238700 7fd891143c80 [db/version_set.cc:4813] Column family [CE] (ID 1), log number is 107
2022/07/29-11:07:54.238700 7fd891143c80 [db/version_set.cc:4813] Column family [CES] (ID 2), log number is 110
2022/07/29-11:07:54.238945 7fd891143c80 [db/version_set.cc:4112] Creating manifest 114
2022/07/29-11:07:54.242342 7fd891143c80 EVENT_LOG_v1 {"time_micros": 1659067674242339, "job": 1, "event": "recovery_started", "wal_files": [107, 110]}
2022/07/29-11:07:54.242345 7fd891143c80 [db/db_impl/db_impl_open.cc:847] Recovering log #107 mode 2
2022/07/29-11:07:54.242590 7fd891143c80 [db/db_impl/db_impl_open.cc:847] Recovering log #110 mode 2
2022/07/29-11:07:54.249210 7fd891143c80 EVENT_LOG_v1 {"time_micros": 1659067674249195, "cf_name": "CE", "job": 1, "event": "table_file_creation", "file_number": 115, "file_size": 617068, "file_checksum": "", "file_checksum_func_name": "Unknown", "table_properties": {"data_size": 613307, "index_size": 2904, "index_partitions": 0, "top_level_index_size": 0, "index_key_is_user_key": 1, "index_value_is_delta_encoded": 1, "filter_size": 0, "raw_key_size": 144624, "raw_average_key_size": 48, "raw_value_size": 473041, "raw_average_value_size": 157, "num_data_blocks": 151, "num_entries": 3013, "num_deletions": 0, "num_merge_operands": 0, "num_range_deletions": 0, "format_version": 0, "fixed_key_len": 0, "filter_policy": "", "column_family_name": "CE", "column_family_id": 1, "comparator": "leveldb.BytewiseComparator", "merge_operator": "nullptr", "prefix_extractor_name": "nullptr", "property_collectors": "[]", "compression": "NoCompression", "compression_options": "window_bits=-14; level=32767; strategy=0; max_dict_bytes=0; zstd_max_train_bytes=0; enabled=0; ", "creation_time": 1659067674, "oldest_key_time": 0, "file_creation_time": 0, "db_id": "df658129-96ea-4199-ba2c-0207c4041923", "db_session_id": "0BOWR5ERPH3NGW73P69U"}}
